0.03787895 1.06153323 0.05531476 0.14871975 0.08185340 1.59032783 0.55296753 0.43592660 1.15950075 0.43781497 0.40975655 0.35417743 0.49815683 0.71783006 1.26488126 1.14377502 0.62212343 0.73370464 0.53066622 1.18163377 0.77511719 0.80698867 0.87207899 1.09853413 1.11196829 1.10291120 1.26590024 1.06509171 0.65643019
0.05056562 0.97925338 0.06078658 0.20822979 0.10258460 1.46270174 0.50750166 0.41327530 1.08612841 0.37716050 0.40662775 0.36979246 0.48255505 0.68265541 1.15939983 1.07936496 0.60448088 0.72861533 0.55805405 1.10823122 0.74932252 0.75606356 0.81308509 0.98446327 1.07372247 1.00734280 1.19834480 1.01630664 0.56725835
0.03789244 1.06156646 0.05533271 0.14876904 0.08185256 1.59036491 0.55298081 0.43593544 1.15952806 0.43782254 0.40976664 0.35419771 0.49817132 0.71785099 1.26491542 1.14381526 0.62213093 0.73371637 0.53069166 1.18165471 0.77512434 0.80702429 0.87211184 1.09856065 1.11199473 1.10293582 1.26593615 1.06511995 0.65643557
0.06014606 1.04733283 0.09858343 0.21461060 0.06779734 1.42266629 0.56830930 0.32662531 1.03151884 0.40872495 0.36595535 0.33257335 0.47985807 0.71241581 1.13103694 1.08541878 0.54129112 0.63520237 0.45831753 1.00558206 0.67081380 0.78861004 0.87158937 1.03500239 1.00814205 1.03600409 1.15384392 0.95708664 0.60633580
0.06531553 1.06378697 0.10465433 0.22945324 0.07936448 1.39510315 0.59349981 0.29550334 1.01558320 0.39787949 0.37448475 0.34280440 0.49726552 0.73950049 1.09976436 1.09097208 0.54942411 0.64775499 0.45669020 0.97945391 0.67935988 0.79283242 0.89099159 1.02385939 1.01930742 1.03555764 1.15005756 0.95105796 0.59430463
0.05575578 1.00895611 0.07975043 0.21690390 0.11475378 1.34560369 0.56355553 0.30810812 1.00483374 0.35947751 0.39284637 0.35722790 0.49863920 0.72575704 1.04940316 1.05593807 0.57926776 0.69610824 0.50306856 0.98532870 0.71718067 0.74522755 0.84141609 0.95465268 1.04065210 0.99113065 1.13660639 0.95702554 0.55080335
0.05233681 1.09001729 0.08409912 0.19157428 0.07929797 1.52314853 0.58785024 0.36950683 1.10840887 0.43081796 0.39579400 0.35112132 0.50610595 0.74413634 1.20787154 1.14111608 0.59207497 0.69629631 0.49739499 1.09737940 0.73550091 0.81850257 0.90255495 1.08958053 1.08232675 1.09515566 1.23051387 1.02651432 0.64431993
0.04396320 1.07674251 0.07253259 0.16692352 0.08357937 1.52198331 0.57814558 0.37864173 1.11120843 0.42990034 0.39543424 0.34483420 0.50090682 0.73484395 1.20596365 1.12976468 0.59678519 0.70166152 0.49977090 1.10629376 0.74306845 0.80364581 0.88592609 1.08346444 1.08296183 1.09093423 1.22709561 1.02870966 0.64703991
0.02155765 0.94529206 0.06205956 0.17744758 0.16744665 1.17702041 0.50788226 0.28442683 0.94596506 0.33001603 0.35015408 0.30725688 0.45293951 0.67823843 0.92134640 0.96128744 0.54010194 0.65496719 0.54134858 0.88958010 0.68147359 0.63801917 0.73127695 0.87123386 0.99341909 0.92787797 1.04622014 0.93996646 0.54014261
0.05502448 1.07660972 0.09132694 0.18788368 0.07202585 1.45044456 0.59719397 0.31931041 1.04824998 0.41847815 0.37799976 0.33506555 0.49795171 0.74009052 1.14476773 1.10557073 0.56249135 0.65775618 0.44957898 1.02361726 0.69762862 0.80070753 0.89710176 1.05928195 1.03463199 1.06451923 1.17540819 0.97097334 0.62553440
0.07978058 1.02242386 0.11310306 0.31254755 0.11276476 1.34337269 0.55687843 0.31189135 1.00918254 0.35362703 0.39226428 0.38066836 0.50095370 0.72942899 1.05953048 1.08172238 0.56402477 0.68500395 0.54011856 0.97449693 0.69464313 0.77513682 0.85908816 0.95436613 1.04286146 0.98729062 1.15026755 0.96999913 0.53132507
0.07498411 1.04925917 0.11535149 0.26829279 0.07540522 1.38919252 0.57461622 0.30650384 1.01263113 0.39077607 0.37152593 0.35105412 0.48954575 0.72480771 1.10221190 1.08944645 0.53875494 0.63884962 0.47327204 0.97678141 0.66434873 0.79628611 0.88253576 1.01126628 1.00994747 1.01969139 1.14740615 0.94972168 0.57721150
0.08009071 0.94790440 0.09678359 0.26412691 0.08139683 1.28224150 0.53883638 0.28084313 0.92911092 0.32919603 0.37895971 0.36221862 0.47890001 0.68694200 0.99956684 1.00934581 0.53846571 0.64917268 0.45208855 0.92108060 0.65789363 0.73722615 0.82463992 0.89232310 0.96586723 0.91841637 1.07216907 0.87316087 0.48434347
0.02492753 1.07247094 0.04297762 0.09900632 0.08802543 1.57232637 0.57456451 0.41057143 1.14677950 0.44197660 0.40716471 0.33807055 0.50316823 0.73197879 1.24112911 1.13263291 0.62647769 0.73393713 0.50259979 1.16364878 0.78311091 0.79297539 0.87489196 1.10237268 1.11036632 1.11178219 1.25217014 1.05376446 0.67223394
0.07888625 1.01930469 0.11216593 0.31124467 0.11350712 1.34108809 0.55387120 0.31345519 1.00873196 0.35297240 0.39134900 0.37959225 0.49916459 0.72673118 1.05819617 1.07915065 0.56327458 0.68429276 0.54165366 0.97430262 0.69399442 0.77232935 0.85525683 0.95220727 1.04160980 0.98525274 1.14860376 0.96997591 0.53081593
0.09993779 1.06968957 0.14931698 0.36278112 0.06975158 1.40120081 0.57254780 0.31266860 1.02336540 0.38948026 0.37282742 0.37581066 0.49448803 0.73212233 1.12373660 1.12271988 0.52587549 0.62945042 0.50705519 0.97399420 0.64436382 0.83367969 0.90807640 1.02069867 1.01589497 1.02353727 1.16848620 0.96583756 0.56285564
0.04954298 0.99334636 0.07000747 0.18869996 0.11642779 1.31699229 0.56487828 0.29211238 0.98199951 0.35178234 0.39004030 0.34817971 0.49586252 0.72164516 1.02002102 1.03295396 0.57773853 0.69291933 0.48193087 0.96519276 0.71569113 0.72602701 0.82933834 0.93560012 1.02673575 0.97586567 1.11312402 0.93485221 0.54324574
0.00622104 1.12225119 0.05274371 0.15187085 0.22609366 1.34272434 0.62351703 0.30195662 1.09948890 0.38069427 0.41818432 0.35026684 0.54688978 0.82436482 1.03408926 1.11538641 0.65621045 0.79506406 0.63067731 1.02411842 0.83176351 0.72120993 0.85538015 1.01108430 1.18767120 1.09699120 1.21758608 1.10620663 0.64463920
0.08254809 1.00154722 0.11328912 0.31139110 0.10183895 1.32791290 0.54697335 0.30728530 0.98865216 0.34794750 0.38579889 0.37626433 0.49166449 0.71361466 1.04768238 1.06373958 0.55155088 0.66903239 0.52054935 0.95936096 0.67761270 0.76790332 0.84874874 0.93885873 1.01823572 0.96738764 1.12950513 0.94495265 0.51780010
0.03967472 0.97421896 0.04435994 0.15725419 0.09282716 1.48898409 0.50811558 0.42288420 1.09379744 0.38848248 0.40583119 0.35683358 0.47841072 0.67532644 1.17761803 1.07292110 0.61017822 0.72945020 0.53263753 1.12928414 0.75769950 0.75014898 0.80851363 0.99877062 1.07000163 1.01646339 1.19958133 1.01158605 0.58463436
0.02218632 1.07688090 0.05936577 0.16456453 0.16730425 1.39729036 0.58335347 0.34095707 1.09316516 0.39142983 0.40392489 0.34657493 0.51645686 0.76734906 1.09258930 1.10297319 0.62360087 0.74926407 0.58304941 1.05092352 0.78497801 0.74068351 0.84527421 1.01865867 1.12996245 1.07198393 1.20629027 1.06471923 0.63012555
0.09464236 0.95806477 0.08689994 0.22524651 0.05180726 1.30040672 0.60562738 0.22299071 0.88634116 0.31662983 0.41107690 0.38394205 0.51991096 0.73127379 0.98081038 1.01455226 0.56933931 0.68017799 0.35187724 0.90928887 0.68507652 0.76603614 0.88945410 0.88444901 0.96453414 0.91459141 1.06373544 0.80673042 0.45283338
0.07992118 1.00604426 0.10963139 0.30351213 0.10693352 1.33007358 0.55223161 0.30614852 0.99277551 0.34785056 0.38983737 0.37741213 0.49633354 0.72023273 1.04664927 1.06646924 0.55913403 0.67840862 0.52356305 0.96379612 0.68752439 0.76675094 0.85106005 0.94032615 1.02746324 0.97221535 1.13421985 0.95052173 0.52064916
0.09091314 0.90657087 0.08285730 0.21450330 0.03002807 1.29196832 0.55499313 0.25159383 0.87242207 0.31871149 0.38615924 0.36212361 0.48120712 0.67303380 0.98876913 0.97679136 0.53537129 0.63626385 0.33835993 0.90675791 0.64406033 0.74268094 0.84178844 0.86871121 0.91317950 0.88197888 1.03195948 0.78167952 0.44720867
0.07589537 1.01802082 0.10665270 0.29657108 0.11086597 1.35346065 0.55389386 0.31902800 1.01412583 0.35634762 0.39304307 0.37762129 0.49909329 0.72518548 1.06704851 1.07938065 0.56759922 0.68803529 0.53646951 0.98530856 0.69958643 0.77192298 0.85476818 0.95732529 1.04375205 0.98912491 1.15237329 0.97118823 0.53577653
0.04221738 1.06130808 0.07537573 0.14681441 0.08024307 1.42907009 0.59337114 0.31415753 1.03787263 0.41436816 0.37540611 0.32238376 0.49319712 0.73382803 1.12244857 1.08327105 0.56629887 0.66102043 0.44054856 1.01637873 0.70487295 0.77535792 0.87684664 1.04512477 1.02972323 1.05570139 1.15890488 0.96270492 0.62765594
0.08147283 1.01920475 0.11499237 0.31918880 0.11224960 1.33985585 0.55372266 0.31241907 1.00692131 0.35170940 0.39145415 0.38183145 0.49948599 0.72679611 1.05771075 1.08026515 0.56165467 0.68287336 0.54213863 0.97197738 0.69136811 0.77489291 0.85715875 0.95077176 1.04020627 0.98337532 1.14822079 0.96834385 0.52746916
0.11649325 1.07078154 0.17131953 0.41842091 0.05300145 1.41390914 0.56020973 0.32310958 1.02504730 0.39267690 0.36550990 0.38433857 0.48658113 0.72033166 1.14581999 1.13529559 0.50527704 0.60592899 0.51388629 0.97185668 0.61584508 0.85643770 0.91675711 1.02822393 1.00031805 1.01923540 1.17283659 0.96362320 0.55429140
0.08174144 1.05427501 0.12586556 0.29556656 0.06471386 1.41952237 0.56248782 0.32872476 1.03161633 0.40082267 0.36743955 0.35460561 0.48274909 0.71478848 1.13707082 1.10500649 0.52989505 0.62801357 0.48641551 0.99603511 0.65279669 0.81347048 0.88650269 1.02987956 1.00873054 1.02839563 1.16340607 0.96341679 0.58436490
0.08257761 1.08211796 0.12922437 0.30072842 0.07194744 1.43412186 0.58273412 0.32276075 1.04600258 0.40633736 0.37546831 0.36142206 0.49704347 0.73834653 1.14573085 1.12664681 0.54192073 0.64265436 0.49499201 1.00378470 0.66798015 0.82764339 0.90836888 1.04745525 1.03167628 1.05003041 1.18290359 0.98108021 0.59569567
0.09082960 0.87509743 0.08083218 0.21658592 0.03497571 1.23781109 0.54105168 0.23587652 0.83755486 0.29945942 0.37963202 0.35804409 0.47192709 0.65789791 0.94289588 0.94434087 0.52405217 0.62566644 0.33235688 0.87082985 0.62954976 0.71727082 0.81682239 0.82808801 0.88930396 0.84662463 0.99682255 0.75399960 0.42059636
0.07817400 1.00529389 0.10751183 0.29747813 0.10757030 1.32958562 0.55243037 0.30596257 0.99265719 0.34822489 0.38967394 0.37570571 0.49603064 0.71997029 1.04562509 1.06471400 0.56000001 0.67905064 0.52198415 0.96423196 0.68894466 0.76443822 0.84948178 0.94026740 1.02750293 0.97253479 1.13329146 0.95021253 0.52216214
0.09650891 0.87773510 0.08643854 0.23335882 0.03462363 1.23412352 0.54499126 0.23050733 0.83354519 0.29541288 0.38253096 0.36496979 0.47618909 0.66293458 0.93909944 0.94860316 0.52423075 0.62745732 0.33406304 0.86541174 0.62827225 0.72351045 0.82415046 0.82424283 0.89061970 0.84390538 0.99763836 0.75149251 0.41241493
0.02291706 1.05474009 0.03581879 0.09283917 0.08543688 1.58866533 0.55677509 0.43317382 1.15742191 0.44114235 0.40953282 0.33973325 0.49668422 0.71640637 1.25680604 1.12847378 0.63098477 0.74039409 0.51202817 1.18651079 0.78869743 0.78792850 0.86047827 1.09840835 1.11189537 1.10576728 1.25774502 1.05963351 0.66897296
0.08212654 1.00870361 0.11279734 0.31254735 0.10706955 1.33141531 0.55237217 0.30683806 0.99451689 0.34779290 0.39024739 0.37995989 0.49719098 0.72158431 1.04879442 1.07020323 0.55848020 0.67829604 0.52780713 0.96396905 0.68641408 0.77036151 0.85370699 0.94155256 1.02910579 0.97322388 1.13694173 0.95310887 0.51969164
0.06336315 1.05132319 0.10836611 0.30330427 0.13652808 1.38063440 0.54529734 0.35137789 1.06801015 0.37628013 0.38891444 0.37173975 0.49655416 0.73258204 1.10168579 1.10785667 0.57464545 0.69832610 0.60077628 1.01917668 0.71576906 0.77385664 0.84766476 0.99443800 1.08260957 1.02896957 1.19119630 1.03837296 0.57840517
0.08128418 1.15068164 0.11775456 0.27692481 0.08780644 1.51824711 0.64689029 0.32145279 1.10199250 0.41961056 0.42056692 0.39250574 0.55102663 0.81052672 1.19276603 1.19302062 0.60874538 0.72298738 0.50714463 1.07022539 0.74913920 0.87071691 0.97732716 1.09783442 1.11933838 1.11561659 1.25774583 1.03302950 0.62261031
0.08804792 1.00997897 0.11851565 0.32716333 0.10045249 1.33886279 0.55261849 0.30800610 0.99429897 0.34815144 0.39092878 0.38473472 0.49786763 0.72109095 1.05628604 1.07556245 0.55549727 0.67487053 0.52523865 0.96520020 0.68110423 0.77969118 0.86069937 0.94405359 1.02615471 0.97254525 1.13967313 0.95007009 0.51538352
0.02006133 1.05095014 0.03886030 0.08616784 0.08571751 1.54896598 0.55831193 0.41044245 1.13128378 0.43881892 0.39571825 0.32543481 0.48854319 0.71219957 1.22526364 1.10938978 0.61263774 0.71622880 0.49410375 1.14825950 0.76726578 0.77433982 0.85186927 1.08769525 1.08783715 1.09459981 1.22963288 1.03844697 0.66843492
0.00885887 0.92515650 0.04122065 0.11511289 0.15615336 1.18417661 0.50451690 0.28632621 0.93702135 0.33488857 0.34650175 0.28968810 0.44450145 0.66345653 0.92159565 0.93832222 0.54171433 0.65053543 0.50298704 0.89708631 0.68447867 0.62023442 0.71651727 0.87006604 0.97646749 0.92248605 1.03039365 0.91825258 0.54831343
0.03395846 1.05071179 0.05101512 0.13812528 0.08054226 1.58788043 0.54256667 0.44268581 1.15859275 0.43859638 0.40507613 0.34773772 0.49031822 0.70638112 1.26507435 1.13441470 0.61791381 0.72787739 0.52961611 1.18325067 0.77091934 0.79818814 0.85929802 1.09525626 1.10437458 1.09769228 1.25978496 1.06276343 0.65815618
0.04364101 1.00243834 0.06571379 0.17843733 0.12140000 1.33765686 0.56287585 0.30697822 1.00337273 0.36058217 0.39115838 0.34566428 0.49578142 0.72309757 1.03922159 1.04260446 0.58453407 0.70042964 0.49647290 0.98622825 0.72633834 0.72729277 0.82790419 0.95144478 1.04109437 0.99145349 1.12908610 0.95613453 0.55980543
0.06624812 0.95666932 0.05669473 0.15772252 0.08070830 1.31132418 0.59629338 0.24831230 0.92013464 0.32426481 0.41524811 0.36842194 0.51783522 0.73053261 0.98674734 1.00791990 0.59551959 0.71133125 0.38397485 0.94614523 0.72538933 0.73404336 0.85912525 0.89232913 0.99826480 0.93385730 1.07991263 0.84753671 0.48442233
0.09488704 1.06877936 0.14902374 0.42023470 0.12973544 1.38777857 0.54018557 0.35703982 1.07485886 0.36982042 0.39140945 0.40362839 0.50211194 0.73888614 1.12071530 1.14312486 0.55893817 0.68781948 0.64069688 1.01175278 0.69074748 0.81599784 0.87525871 0.99691849 1.08671630 1.02587394 1.21173357 1.05222455 0.55311752
0.04828234 1.05973603 0.06841642 0.18593360 0.07793096 1.58266607 0.54760182 0.43473329 1.15336600 0.43294590 0.40763510 0.36214782 0.49640176 0.71459458 1.26318896 1.14745968 0.61225993 0.72448606 0.53849453 1.17115890 0.76089184 0.81589053 0.87566594 1.09218035 1.10471910 1.09417730 1.26368992 1.06122362 0.64348261
0.10179392 0.87865455 0.09392536 0.25266000 0.03114739 1.23409370 0.54180174 0.23177059 0.83273719 0.29528037 0.38024740 0.36798750 0.47427783 0.66048944 0.94254076 0.95217680 0.51772712 0.62044847 0.33784369 0.86189104 0.61935926 0.72980701 0.82674504 0.82487175 0.88629257 0.84185387 0.99804957 0.75096985 0.40875727
0.07304871 1.06895138 0.11883485 0.33268493 0.13883563 1.38421345 0.56112883 0.34117766 1.06968709 0.37283725 0.39786262 0.38656787 0.51037840 0.75178115 1.10184058 1.12591222 0.58124115 0.70882714 0.60772558 1.01620491 0.72158196 0.79151508 0.87037507 0.99759102 1.09631099 1.03555631 1.20308177 1.04342647 0.57094740
0.02183542 1.06973714 0.03856429 0.08756721 0.08900150 1.57180034 0.57441744 0.41077920 1.14636417 0.44203559 0.40746333 0.33548843 0.50271383 0.73101216 1.23926051 1.12892706 0.62874772 0.73606846 0.49954773 1.16530125 0.78641668 0.78844102 0.87155157 1.10119309 1.11053892 1.11143701 1.25042539 1.05268510 0.67387994
0.07790482 1.00413810 0.10688923 0.29569232 0.10710880 1.32903351 0.55223023 0.30563689 0.99165403 0.34802002 0.38952485 0.37520423 0.49569952 0.71931868 1.04491622 1.06351232 0.55986577 0.67872703 0.52037535 0.96383286 0.68874813 0.76365219 0.84883896 0.93954059 1.02647964 0.97171660 1.13219278 0.94882245 0.52180634
0.08393063 0.86549903 0.06952976 0.18369076 0.03452564 1.22702494 0.54496905 0.22650454 0.82520531 0.29693064 0.37958200 0.35014113 0.47144929 0.65641972 0.92797429 0.92921290 0.52732729 0.62728677 0.31170815 0.86417436 0.63406687 0.70407261 0.81019887 0.81963026 0.88228272 0.84039140 0.98348709 0.73902059 0.41996998
0.07327221 1.00181777 0.10068298 0.27869989 0.10863139 1.32884448 0.55314075 0.30535533 0.99155540 0.34878569 0.38987879 0.37118705 0.49544917 0.71894095 1.04262791 1.05899981 0.56321759 0.68170764 0.51564343 0.96612691 0.69370176 0.75768157 0.84504700 0.93919713 1.02725558 0.97254781 1.13022937 0.94782157 0.52538814
0.07479558 1.07701914 0.11875968 0.27165675 0.07405680 1.43181397 0.58392588 0.32130477 1.04399973 0.40718550 0.37546010 0.35407792 0.49603371 0.73691316 1.14021325 1.11755115 0.54659167 0.64640702 0.48547702 1.00580466 0.67506826 0.81675672 0.90123776 1.04566286 1.03118459 1.05007553 1.17774015 0.97749025 0.60094899
0.07831825 0.96168829 0.09583973 0.26162517 0.08480751 1.30140381 0.54490227 0.28756938 0.94569930 0.33560211 0.38338097 0.36467130 0.48436899 0.69567930 1.01505007 1.02289384 0.54691506 0.65904491 0.46137908 0.93695052 0.66917663 0.74463734 0.83292081 0.90699323 0.98141400 0.93381397 1.08843466 0.88957868 0.49565326
0.04422867 1.06122438 0.07798022 0.15461896 0.08055865 1.42567185 0.59289460 0.31286239 1.03607941 0.41268750 0.37532933 0.32430962 0.49342914 0.73410958 1.12024316 1.08384812 0.56484841 0.66004359 0.44293374 1.01319029 0.70271005 0.77660072 0.87758690 1.04283964 1.02903127 1.05366735 1.15817805 0.96212065 0.62449256
0.08391060 1.08188189 0.13001694 0.30334397 0.07083933 1.43495159 0.58336907 0.32223887 1.04518001 0.40560902 0.37634406 0.36300375 0.49785819 0.73882747 1.14608979 1.12740785 0.54217531 0.64313451 0.49397627 1.00377178 0.66782392 0.82931160 0.91007420 1.04679420 1.03148352 1.04921000 1.18318100 0.97972754 0.59367873
0.05399888 0.94376291 0.06103268 0.21351969 0.09786965 1.41545130 0.49150748 0.39906817 1.04784680 0.35935904 0.39841251 0.36584142 0.47058817 0.66208135 1.12030675 1.04620173 0.58807708 0.71066008 0.54118750 1.07296240 0.72716792 0.73570962 0.79064000 0.94552579 1.04070468 0.96890364 1.16077716 0.97985280 0.53781492
0.10286363 0.87417757 0.09519524 0.25648331 0.02752531 1.23726756 0.53557487 0.23719941 0.83355983 0.29625573 0.37784590 0.36719918 0.47013527 0.65390942 0.94768535 0.95088117 0.51364574 0.61539946 0.33833205 0.86414902 0.61414025 0.73033923 0.82326467 0.82517558 0.88144229 0.83938032 0.99726476 0.75000574 0.40807596
0.04525296 0.98993422 0.04696693 0.12626802 0.10408478 1.34232494 0.59550494 0.27520038 0.97122373 0.34898322 0.41079005 0.35259476 0.51583608 0.73970151 1.01934234 1.02896976 0.60716153 0.72313612 0.42685220 0.98215574 0.74837945 0.72844298 0.85114945 0.93452334 1.03466678 0.97872666 1.11365392 0.90697614 0.53734498
0.08020060 0.86382617 0.06760187 0.18084903 0.04086357 1.22080419 0.53981487 0.22999960 0.82827390 0.29677510 0.37741564 0.34702792 0.46854485 0.65382087 0.92451979 0.92623122 0.52709233 0.62776508 0.32190822 0.86409925 0.63533316 0.69710891 0.80179886 0.81770103 0.88468531 0.84034200 0.98287840 0.74585724 0.42326189
0.02059500 0.93084309 0.06143296 0.17412219 0.16277506 1.16465287 0.49667852 0.28511926 0.93535269 0.32820252 0.34250969 0.30038413 0.44300977 0.66415061 0.91406061 0.94745766 0.52930933 0.64122272 0.53398524 0.87992373 0.66832210 0.62911454 0.71828521 0.86244635 0.97648403 0.91585617 1.03188893 0.92801851 0.53594538
0.07282400 0.99994881 0.10447412 0.28981818 0.11202022 1.32241083 0.54321603 0.31152828 0.99463691 0.34959737 0.38413513 0.36852858 0.48896041 0.71204453 1.04282825 1.05764404 0.55602707 0.67418181 0.52943876 0.96336370 0.68606912 0.75434213 0.83621785 0.93858673 1.02455484 0.97091966 1.12911363 0.95485473 0.52758990
0.09736363 0.91448911 0.08484800 0.22945750 0.03367243 1.30136363 0.56690409 0.24833521 0.87699777 0.31244992 0.40009027 0.37829603 0.49569056 0.68884662 0.99073126 0.99039801 0.55064363 0.65765461 0.34562172 0.91549825 0.66056294 0.75436074 0.85812927 0.86627442 0.93157615 0.88508365 1.04562900 0.78730878 0.43659888
0.13276779 1.03764190 0.18155264 0.50759482 0.09832273 1.33454567 0.54084767 0.31505883 1.00410515 0.33773631 0.38981871 0.42870851 0.50274777 0.72947784 1.07543976 1.12545003 0.52730432 0.65467786 0.59743805 0.94497496 0.63961631 0.83610127 0.89441223 0.94488472 1.03231544 0.96721505 1.16675121 0.97711178 0.48044164
0.07761997 1.01812548 0.11047084 0.30635386 0.11384952 1.33951795 0.55414819 0.31250071 1.00748988 0.35281665 0.39115994 0.37820380 0.49890636 0.72642417 1.05621806 1.07704537 0.56372155 0.68451549 0.53950183 0.97358205 0.69474378 0.77015266 0.85388907 0.95127197 1.04091326 0.98469343 1.14692099 0.96858358 0.53127404
0.05439804 0.97369365 0.06451869 0.22028087 0.09996015 1.45771788 0.50307048 0.41322302 1.08104288 0.37381508 0.40553547 0.37236112 0.48046922 0.67837582 1.15680008 1.07714642 0.60010609 0.72437668 0.55866643 1.10349724 0.74293000 0.75710937 0.81150195 0.97844272 1.06798240 1.00020944 1.19446327 1.01128867 0.55962485
0.03624640 1.10818711 0.06361994 0.09462917 0.07046584 1.49522022 0.64195203 0.30545827 1.06479005 0.43776874 0.39281793 0.32333281 0.51976381 0.77323700 1.16245759 1.11771606 0.59578032 0.68776093 0.40312206 1.05320639 0.74078297 0.80439218 0.92583400 1.09628861 1.06134696 1.10523072 1.19414777 0.97382085 0.66318322
0.13652641 0.99590525 0.19358596 0.59632647 0.10370448 1.41312528 0.42958801 0.45266588 1.09834555 0.35092986 0.37792618 0.44167730 0.45620981 0.65168452 1.18436734 1.14859393 0.51349060 0.65047263 0.73853021 1.04916331 0.62745055 0.83930805 0.82576391 0.96121764 1.05324155 0.96575374 1.22590437 1.07329863 0.49041653
0.05600904 1.06215776 0.09014832 0.26201844 0.13632590 1.43205954 0.56062150 0.36634424 1.09599216 0.38458529 0.40798851 0.37825143 0.51200488 0.74765439 1.13367343 1.12485072 0.60670598 0.73452049 0.59505693 1.06627695 0.75528107 0.78243709 0.86267328 1.01493457 1.11412447 1.05241245 1.22096064 1.05571826 0.59281805
0.03633865 0.96488534 0.04064966 0.15227666 0.10411788 1.45587771 0.50759585 0.40998038 1.07830652 0.37757380 0.40554564 0.35508989 0.47877764 0.67649744 1.14697177 1.05836683 0.61114439 0.73287295 0.53571917 1.10969936 0.75967533 0.73393401 0.79737273 0.97782920 1.06785176 1.00325161 1.18448888 1.00425448 0.57429768
0.06118009 0.85336108 0.04247773 0.10838975 0.04403195 1.21823530 0.54388185 0.22632577 0.82404712 0.30093402 0.37648033 0.32788998 0.46572802 0.65043555 0.91389753 0.90512860 0.53729986 0.63470531 0.29560460 0.86952754 0.65117283 0.67225850 0.78618674 0.81678161 0.88221396 0.84258545 0.97074900 0.73652027 0.43859856
0.10979307 1.14057210 0.17702162 0.45889740 0.09822749 1.49339908 0.56768952 0.37856808 1.13034351 0.41552496 0.38910319 0.40952624 0.51154963 0.76187767 1.22033745 1.21397429 0.55042919 0.66891411 0.63443043 1.05805625 0.67862809 0.88796159 0.93985217 1.08975410 1.10389583 1.09400464 1.27133845 1.08872685 0.60450337
0.03469565 1.06558482 0.05174801 0.13757585 0.08284865 1.59743068 0.55610334 0.43754306 1.16475954 0.44123281 0.41086548 0.35204487 0.49960388 0.72052704 1.26954582 1.14594107 0.62603233 0.73732953 0.52924022 1.18784175 0.78067533 0.80674117 0.87347987 1.10455201 1.11658040 1.10921352 1.26996107 1.06923505 0.66319382
0.04350680 1.00254170 0.06588551 0.17845125 0.12121285 1.33782482 0.56240889 0.30737982 1.00364824 0.36104539 0.39059328 0.34514586 0.49523645 0.72257162 1.03973932 1.04255580 0.58387064 0.69952273 0.49659117 0.98619465 0.72561488 0.72724503 0.82753302 0.95201925 1.04059499 0.99170446 1.12899778 0.95637132 0.56047309
0.03427260 0.94849405 0.07805276 0.22298196 0.16224158 1.17936465 0.50314169 0.28763521 0.94654033 0.32742479 0.34959139 0.31861256 0.45277577 0.67693902 0.92916452 0.97249318 0.53135429 0.64740281 0.55406518 0.88577019 0.66826708 0.65372791 0.73990723 0.87091535 0.99059156 0.92393809 1.05154370 0.94198898 0.52898113
0.00834750 0.92447144 0.04037586 0.11299135 0.15622604 1.18408539 0.50447906 0.28633300 0.93679980 0.33480672 0.34662058 0.28928581 0.44443820 0.66322399 0.92120348 0.93755280 0.54216545 0.65097175 0.50223063 0.89739039 0.68509263 0.61940777 0.71591596 0.86969028 0.97640424 0.92225569 1.02998798 0.91783463 0.54841338
0.07666077 1.01791417 0.10936008 0.30320658 0.11426238 1.33953047 0.55424524 0.31258684 1.00772878 0.35312701 0.39109310 0.37731452 0.49876728 0.72634552 1.05594558 1.07631558 0.56425219 0.68494666 0.53893586 0.97406492 0.69560918 0.76901425 0.85309499 0.95147058 1.04115403 0.98508935 1.14668310 0.96874507 0.53227504
0.06864762 0.95450900 0.08072180 0.21961822 0.08733059 1.29427381 0.55178049 0.27891025 0.93729269 0.33394028 0.38590396 0.35648288 0.48644828 0.69770887 1.00119885 1.00911035 0.55576054 0.66715114 0.44178645 0.93544089 0.68112945 0.72993895 0.82690229 0.90064884 0.98059019 0.93157796 1.07865386 0.87870289 0.49849117
0.24253057 1.06070385 0.29648237 0.81244855 0.01726937 1.36607248 0.55501624 0.28807797 0.95900154 0.31250800 0.40121739 0.52221431 0.52447366 0.74184954 1.12117184 1.20314844 0.46942473 0.59812581 0.58257460 0.89506939 0.53996020 0.97874652 1.01012118 0.93798125 0.98251891 0.92654682 1.18378350 0.91481878 0.37062316
0.06430986 0.95070608 0.07349230 0.19916286 0.08640773 1.29545343 0.55402388 0.27725539 0.93496009 0.33449307 0.38689197 0.35242296 0.48665306 0.69714498 0.99890253 1.00339432 0.55953232 0.67008984 0.43124973 0.93774788 0.68614747 0.72440039 0.82437383 0.89978299 0.97942409 0.93132773 1.07527646 0.87361408 0.50083156
0.01673159 0.93974397 0.05492607 0.15726404 0.16643535 1.17729710 0.50721951 0.28466245 0.94391264 0.33097503 0.34952409 0.30185025 0.45099148 0.67491613 0.91949696 0.95414855 0.54197424 0.65560078 0.53223651 0.89173362 0.68442892 0.63105165 0.72587146 0.87010329 0.99044894 0.92671304 1.04180006 0.93532273 0.54312100
0.05949804 0.79676941 0.04095636 0.10779584 0.03296583 1.16827002 0.49915062 0.23192257 0.78692400 0.28831508 0.35259742 0.30930887 0.43159204 0.59968438 0.88316932 0.85555056 0.50236245 0.59289540 0.28271239 0.83624046 0.60835222 0.63821172 0.73570881 0.77621243 0.82726180 0.79395965 0.92131385 0.69841368 0.41526027
0.15143841 1.04740826 0.20482088 0.57562735 0.09210723 1.34748638 0.53583000 0.32389136 1.01276535 0.33588344 0.39195559 0.44805023 0.50534798 0.73119560 1.09454147 1.14845261 0.51905958 0.64939900 0.62163390 0.94784331 0.62601453 0.86311170 0.91086464 0.94982951 1.03590571 0.96734503 1.18271279 0.98770661 0.46726361
0.07524612 1.01526833 0.10655147 0.29587268 0.11384224 1.33892532 0.55462784 0.31175214 1.00589480 0.35258377 0.39160581 0.37608475 0.49874360 0.72565594 1.05407799 1.07335992 0.56563773 0.68615962 0.53474220 0.97437613 0.69733938 0.76645935 0.85160484 0.94975577 1.04017066 0.98375145 1.14463009 0.96589117 0.53189981
0.06999696 1.15691013 0.11314229 0.24868185 0.10163138 1.46939202 0.65970430 0.28985269 1.07851909 0.41744750 0.41003514 0.37428130 0.54965137 0.81944939 1.14856781 1.17367062 0.60092928 0.71131737 0.49326338 1.02957400 0.74304504 0.84831911 0.96897922 1.08829738 1.10909857 1.11329718 1.23143585 1.02056459 0.63133562
0.08042360 0.96098983 0.09623523 0.26406472 0.08488288 1.29659106 0.54924933 0.28138960 0.94001837 0.33167920 0.38636388 0.36814607 0.48804249 0.69957708 1.00842278 1.02222488 0.54927047 0.66251157 0.45742469 0.93240597 0.67109190 0.74555909 0.83671204 0.90168545 0.98178709 0.93037394 1.08621002 0.88424814 0.48928451
0.07831614 1.08222259 0.12276186 0.28352013 0.07385285 1.43682268 0.58649489 0.32183321 1.04735931 0.40713353 0.37790941 0.35913966 0.49924894 0.74104853 1.14471340 1.12467471 0.54800108 0.64899922 0.49018567 1.00818150 0.67608222 0.82365132 0.90775755 1.04841292 1.03569753 1.05285069 1.18358365 0.98130765 0.59936919
0.07415584 1.06404670 0.11686245 0.26669005 0.07109648 1.41895835 0.57732807 0.31860334 1.03238961 0.40326619 0.37146056 0.35000106 0.49024488 0.72771543 1.12984929 1.10496313 0.54053172 0.63880215 0.47701729 0.99639268 0.66733483 0.80849954 0.89176133 1.03489279 1.01851020 1.03832219 1.16472334 0.96497035 0.59427061
0.06065308 0.95210658 0.07055806 0.19042102 0.08967510 1.29436634 0.55420745 0.27782143 0.93737198 0.33612956 0.38599173 0.34902939 0.48603907 0.69767137 0.99781076 1.00207368 0.56088700 0.67125006 0.43301395 0.93882637 0.68894275 0.72039235 0.82134227 0.90160713 0.98170906 0.93421863 1.07548552 0.87720005 0.50595692
0.05673062 0.93103685 0.06168381 0.16393105 0.08149204 1.28078147 0.54865624 0.27166542 0.91804405 0.33214168 0.38137303 0.33965995 0.47845741 0.68442845 0.98356947 0.97994570 0.55522151 0.66184326 0.40630158 0.92814939 0.68145651 0.70621208 0.80853762 0.88761072 0.96094373 0.91806507 1.05407075 0.85205984 0.49879977
0.06939914 1.05620845 0.11229545 0.25281130 0.07097450 1.41273141 0.57097403 0.32042105 1.02912285 0.40419077 0.36656729 0.34229672 0.48386340 0.71959109 1.12576636 1.09518682 0.53653867 0.63280941 0.47291255 0.99377849 0.66361002 0.79899663 0.88093504 1.03200139 1.01104866 1.03442821 1.15689327 0.96116384 0.59737865
0.11410451 0.85499100 0.11004740 0.29854285 0.01979697 1.21020450 0.51633981 0.23548045 0.81322033 0.28664025 0.36722907 0.36971396 0.45738222 0.63486251 0.93383987 0.93879251 0.49047575 0.59047601 0.34198004 0.83895986 0.58336319 0.72932048 0.81173633 0.80482758 0.85483635 0.81392175 0.97767346 0.73241911 0.38611495
0.13092274 1.05961867 0.18273930 0.51092753 0.10261360 1.36878812 0.54548528 0.33151680 1.03462535 0.34995561 0.39452579 0.43236780 0.50833826 0.73945715 1.10638609 1.14913014 0.53721123 0.66635233 0.61795968 0.97303938 0.65343300 0.84984690 0.90566064 0.97129044 1.05587777 0.99267327 1.19500130 1.00733930 0.50031047
0.06099082 1.06637379 0.10898020 0.30033326 0.15430726 1.34116072 0.56876849 0.31770995 1.05016238 0.36687881 0.39267806 0.37260513 0.51000413 0.75755580 1.06067167 1.10488334 0.58114764 0.70788036 0.59935907 0.98703507 0.72462394 0.76599354 0.85698892 0.98190686 1.09181773 1.02911894 1.18051429 1.03368195 0.57406681
0.09215143 0.88231358 0.08424335 0.22656494 0.04117792 1.23071425 0.54592066 0.23053966 0.83780844 0.29731960 0.38137642 0.36144185 0.47619945 0.66561725 0.93655455 0.94884725 0.52597800 0.62952494 0.34087150 0.86542558 0.63209828 0.71899200 0.82105788 0.82699203 0.89586673 0.84891008 0.99927031 0.75922131 0.41949176
0.06906507 1.02622365 0.10050996 0.27587927 0.11495602 1.36004693 0.55984794 0.31925294 1.02172661 0.36224467 0.39336739 0.37186587 0.50101785 0.73058370 1.07063796 1.08151929 0.57307107 0.69271626 0.53501369 0.99172385 0.70819598 0.76892566 0.85558873 0.96706567 1.05119730 1.00021482 1.15712958 0.97876763 0.54905495
0.05461772 1.06491629 0.08954032 0.18848395 0.07538365 1.43329041 0.59141384 0.31620366 1.03852755 0.41105196 0.37733744 0.33503129 0.49547538 0.73507041 1.12989278 1.09504820 0.56112357 0.65772219 0.45119121 1.01458015 0.69582937 0.79133509 0.88749008 1.04436933 1.02955868 1.05240084 1.16545326 0.96417528 0.61571442
0.09073670 0.90925329 0.08301392 0.21706320 0.04011253 1.26889002 0.56362987 0.23603374 0.86190952 0.31055798 0.38936775 0.36501292 0.48778759 0.68365573 0.96534945 0.97331277 0.53960374 0.64342246 0.34121917 0.89057806 0.64932787 0.73698456 0.84359571 0.85658508 0.91803163 0.87735515 1.02553150 0.77863126 0.43964998
0.03698139 1.06270429 0.05524844 0.14298155 0.08342376 1.57303884 0.56017962 0.42117556 1.14673660 0.43495484 0.40784131 0.35081668 0.49972361 0.72239693 1.24784133 1.13729789 0.61946708 0.72981098 0.51993188 1.16485386 0.77185651 0.80243973 0.87355035 1.09266477 1.10615839 1.09921263 1.25515640 1.05463947 0.65412122
0.02753691 1.02715155 0.03734170 0.10201059 0.08084275 1.55393312 0.54466273 0.42258396 1.12789365 0.42631616 0.40465620 0.33943326 0.48861286 0.70114292 1.22790749 1.10463804 0.61902567 0.72788554 0.49973846 1.16029601 0.77185764 0.77475043 0.84525816 1.06752148 1.08718517 1.07520361 1.23016766 1.03112816 0.64341257
0.07513123 1.06202056 0.11725777 0.27259070 0.07778678 1.40342542 0.57964968 0.31101212 1.02547058 0.39592284 0.37433404 0.35388979 0.49389141 0.73232549 1.11462250 1.10188504 0.54356675 0.64467193 0.48215347 0.98721422 0.67078381 0.80430973 0.89075688 1.02354628 1.02164707 1.03209584 1.16058869 0.96310608 0.58562251
0.03287602 1.04181702 0.05160007 0.13608936 0.07983685 1.56754155 0.53753786 0.43554170 1.14486510 0.43544014 0.39807470 0.34125751 0.48378082 0.69895403 1.24966793 1.12159155 0.60815672 0.71571887 0.52261463 1.16622267 0.75925307 0.78899907 0.84993037 1.08539982 1.09009329 1.08720669 1.24414512 1.05087134 0.65402249
0.10049581 0.96839221 0.12187249 0.33661182 0.07849528 1.29744267 0.54441547 0.28345481 0.94000878 0.32689522 0.38613919 0.38662271 0.48949304 0.70054387 1.01764640 1.04064392 0.53642145 0.65195819 0.47809645 0.92393280 0.65148505 0.77039021 0.85201257 0.90068180 0.97905661 0.92489770 1.09456367 0.88785392 0.47150847
0.03788863 1.06156412 0.05532869 0.14876027 0.08185698 1.59036112 0.55297886 0.43593679 1.15952927 0.43782197 0.40976648 0.35419512 0.49817037 0.71785002 1.26491174 1.14381164 0.62213326 0.73371933 0.53069518 1.18165579 0.77512826 0.80701789 0.87210597 1.09855837 1.11199710 1.10293557 1.26593506 1.06512289 0.65643772
0.15308785 1.03310696 0.20912506 0.58379013 0.08426050 1.33687218 0.51992832 0.32816753 1.00336200 0.33592957 0.38072465 0.44097960 0.49170007 0.71267363 1.09248044 1.13647531 0.50178550 0.62792539 0.61733744 0.93715675 0.60469683 0.85774369 0.89734496 0.94373695 1.01430391 0.95487494 1.16861099 0.97663612 0.46346112
0.06185333 1.01518076 0.07984203 0.22372490 0.06775459 1.51996674 0.52474954 0.41571585 1.10097819 0.40706487 0.39651491 0.36474836 0.48110088 0.68746032 1.21470083 1.11066885 0.58441751 0.69525071 0.52243642 1.11964522 0.72216229 0.79980646 0.85298277 1.03959466 1.05819895 1.03997214 1.21625193 1.01219452 0.59595573
0.07577796 1.00454469 0.10558101 0.30294522 0.09784885 1.40235688 0.52219237 0.36660327 1.04634827 0.36935536 0.38856164 0.37647740 0.48262064 0.69648700 1.11983460 1.08738089 0.56270549 0.68143095 0.55615838 1.03037539 0.69425385 0.77910527 0.83927375 0.97594801 1.04262079 0.99485387 1.17273768 0.99221661 0.54731828
0.04796892 0.97120281 0.05650111 0.19655222 0.10007932 1.46108906 0.50329246 0.41484892 1.08257671 0.37703016 0.40463580 0.36553763 0.47866407 0.67621348 1.15774008 1.07176611 0.60293496 0.72572887 0.55105436 1.10833925 0.74765232 0.75018719 0.80639952 0.98121468 1.06748111 1.00293415 1.19253573 1.01037895 0.56702394
0.08175425 1.01313002 0.11268314 0.31160622 0.10778000 1.33639265 0.55501131 0.30762733 0.99846773 0.34961928 0.39149219 0.38058223 0.49907016 0.72466945 1.05255896 1.07405030 0.56074426 0.68081428 0.52921540 0.96753916 0.68938332 0.77274472 0.85683528 0.94581140 1.03316592 0.97768537 1.14112723 0.95693485 0.52285678
0.07282630 1.00353294 0.10073153 0.27879571 0.10982674 1.32943884 0.55358362 0.30579668 0.99325753 0.34936523 0.38998683 0.37113359 0.49583859 0.71995684 1.04328332 1.06020665 0.56382139 0.68251367 0.51774452 0.96694096 0.69470043 0.75784154 0.84532953 0.94047570 1.02905420 0.97418426 1.13165089 0.95016460 0.52686517
0.08762338 1.04505789 0.11685025 0.32574233 0.11148690 1.37388986 0.57928493 0.30932734 1.02341175 0.35518739 0.40907898 0.39860218 0.52095146 0.75405652 1.07794152 1.10856637 0.58305232 0.70890216 0.54142506 0.99352484 0.71533058 0.79959416 0.89043372 0.96892889 1.06813567 1.00465451 1.17585548 0.98096043 0.53036992
0.10834162 1.11943155 0.17273055 0.48833778 0.14671374 1.41132122 0.56145952 0.35921829 1.10926940 0.37456699 0.40478510 0.42965872 0.52484889 0.77618971 1.14388988 1.19446113 0.57232239 0.71028303 0.69328598 1.02578199 0.70674502 0.85275325 0.91349028 1.02382500 1.13236302 1.05920534 1.25674493 1.10027726 0.56127411
0.05414458 0.97087972 0.06545206 0.22150624 0.09812839 1.45703260 0.49817712 0.41617115 1.08084352 0.37515930 0.40204976 0.36969087 0.47625796 0.67304042 1.15862077 1.07483176 0.59543808 0.71839391 0.55899231 1.10259030 0.73748176 0.75577107 0.80740382 0.97894727 1.06305070 0.99864249 1.19212423 1.01058991 0.56089307
0.09614310 0.88456650 0.08546284 0.23239191 0.03578803 1.24802488 0.54824375 0.23581366 0.84390591 0.29855683 0.38654188 0.36797923 0.48006112 0.66783604 0.94992080 0.95713207 0.53064656 0.63520283 0.33934100 0.87729594 0.63632955 0.72881541 0.82960995 0.83224517 0.90059852 0.85230151 1.00840368 0.76086763 0.41741725
0.11463469 1.03443632 0.15858636 0.44431770 0.10620729 1.33837428 0.54617480 0.31575858 1.00930836 0.34282157 0.39195642 0.41405330 0.50337474 0.73127362 1.07093536 1.11314208 0.54196568 0.66840796 0.58444701 0.95744442 0.66127785 0.81577081 0.88253537 0.94856259 1.04055371 0.97578735 1.16456662 0.97983327 0.49825534
0.02055214 0.94487732 0.06085562 0.17401575 0.16783242 1.17671555 0.50798702 0.28432275 0.94590807 0.33023405 0.35004833 0.30627213 0.45275873 0.67808931 0.92074952 0.96028643 0.54058634 0.65532404 0.54048600 0.88981477 0.68227760 0.63668622 0.73036008 0.87120495 0.99344938 0.92806964 1.04569055 0.93981787 0.54102426
0.04878811 0.97125807 0.05734138 0.19904271 0.09962542 1.46137039 0.50319085 0.41490763 1.08243834 0.37676123 0.40479531 0.36635506 0.47881452 0.67623158 1.15816035 1.07239121 0.60261649 0.72551158 0.55140525 1.10819706 0.74705832 0.75119318 0.80709574 0.98104720 1.06731766 1.00257733 1.19282174 1.01018891 0.56611490
0.10213769 0.87940376 0.09426568 0.25466691 0.03012029 1.24156907 0.53973051 0.23713176 0.83796377 0.29714757 0.38066513 0.36889572 0.47372313 0.65916935 0.94989269 0.95531792 0.51835507 0.62122801 0.34121847 0.86825693 0.62016282 0.73227046 0.82705587 0.82850343 0.88836825 0.84430152 1.00248979 0.75509409 0.41069951
0.05311554 1.09436234 0.10139269 0.28519827 0.16226869 1.40219772 0.57446523 0.34927072 1.10198003 0.38580234 0.40394439 0.37697156 0.51939695 0.77118132 1.11207535 1.13802452 0.60511206 0.73577149 0.62896620 1.04271947 0.75718749 0.78137038 0.86930264 1.02173816 1.13350332 1.06911874 1.22681826 1.08228548 0.60679959
0.07918231 1.01469518 0.11142366 0.30828776 0.10934049 1.34229509 0.55146540 0.31440031 1.00592481 0.35321628 0.38996782 0.37807868 0.49672558 0.72236332 1.05945936 1.07584726 0.56081737 0.68058272 0.53540876 0.97417623 0.69057039 0.77170346 0.85344370 0.95118405 1.03596171 0.98222040 1.14531667 0.96456365 0.52946104
0.13137108 0.89042788 0.13156863 0.36253809 0.02236694 1.24491997 0.53136705 0.24302637 0.84113840 0.29001362 0.38136375 0.39719703 0.47621295 0.66068793 0.96546833 0.98386795 0.50125996 0.60840788 0.37631185 0.85926054 0.59373490 0.76877169 0.84872247 0.82732494 0.88753252 0.83717266 1.01753235 0.76420468 0.38489567
0.07473300 0.86568360 0.05931070 0.15555111 0.03801552 1.23609747 0.54393896 0.23362724 0.83458157 0.30264470 0.37929745 0.34234960 0.46964418 0.65483573 0.93425596 0.92658679 0.53333692 0.63252052 0.31123867 0.87645971 0.64373962 0.69607562 0.80317420 0.82684183 0.88796716 0.84828130 0.98712437 0.74677949 0.43312270
0.04666657 1.08598457 0.09279880 0.25986290 0.16098579 1.39887797 0.57201512 0.34891610 1.09748573 0.38691598 0.40123881 0.36848083 0.51512901 0.76509018 1.10750246 1.12678862 0.60498928 0.73347571 0.61711472 1.04236367 0.75806855 0.77080242 0.86020715 1.01913665 1.12691480 1.06610258 1.21851115 1.07504802 0.61060175
0.02422440 0.94382680 0.06479330 0.18492637 0.16439080 1.17852053 0.50591217 0.28565032 0.94497134 0.32966875 0.34955623 0.30890800 0.45188461 0.67602478 0.92380829 0.96213139 0.53743876 0.65198452 0.54088147 0.88915377 0.67750603 0.64099064 0.73230477 0.87084556 0.99042001 0.92582231 1.04598659 0.93792490 0.53733444
0.04906765 1.08227888 0.08390029 0.16710438 0.07708358 1.45459056 0.60487431 0.31718192 1.05300741 0.42078577 0.38157239 0.33240269 0.50259171 0.74749492 1.14406114 1.10659246 0.57158908 0.66758146 0.44711127 1.02955226 0.71006235 0.79701550 0.89887346 1.06382320 1.04398453 1.07239933 1.17943003 0.97591728 0.63346708
0.02414328 0.94602991 0.06534111 0.18678426 0.16647475 1.17738103 0.50698055 0.28500005 0.94607406 0.32946585 0.35005066 0.30958587 0.45295186 0.67806733 0.92283217 0.96360062 0.53834254 0.65346770 0.54402689 0.88871963 0.67881862 0.64120892 0.73306640 0.87115225 0.99291614 0.92710547 1.04731291 0.94043602 0.53787532
0.08686920 0.90973433 0.08693049 0.23219080 0.05056865 1.26640829 0.54494132 0.25453149 0.87833415 0.31485392 0.38114104 0.36039205 0.47727190 0.67304781 0.97353300 0.97564325 0.53226978 0.63690080 0.37569096 0.89678733 0.64360896 0.73068998 0.82655209 0.86122910 0.92276918 0.88142538 1.03216326 0.80300205 0.45021236
0.02158981 0.94523724 0.06209525 0.17755107 0.16742098 1.17695229 0.50783913 0.28441557 0.94590366 0.32998633 0.35013272 0.30726843 0.45291192 0.67819240 0.92130654 0.96125378 0.54004746 0.65490897 0.54134225 0.88951443 0.68139846 0.63801918 0.73125393 0.87117451 0.99334826 0.92780617 1.04616626 0.93990760 0.54007556
0.07814040 1.07775812 0.12294488 0.28339954 0.07276685 1.43138807 0.58303467 0.32131938 1.04333757 0.40621933 0.37527811 0.35697731 0.49610542 0.73679079 1.14121712 1.12006731 0.54419868 0.64429850 0.48821848 1.00385877 0.67145665 0.82060652 0.90355487 1.04504835 1.03010433 1.04866318 1.17848907 0.97733108 0.59766874
0.08226692 1.09230931 0.12794604 0.29386874 0.06853952 1.45400881 0.59049524 0.32567149 1.05573440 0.41269632 0.37907910 0.36268346 0.50171917 0.74488340 1.16056128 1.13665682 0.54765704 0.64785777 0.49040029 1.01628100 0.67487055 0.83637754 0.91891019 1.06103559 1.03921855 1.06190242 1.19380538 0.98659353 0.60414059
0.09065536 0.98835505 0.12096199 0.34217320 0.10413967 1.30508025 0.53813900 0.30329692 0.97505302 0.33476197 0.38634427 0.38528171 0.49026840 0.70839983 1.03045158 1.05732210 0.54620270 0.66710048 0.53113815 0.94418931 0.66905561 0.76567559 0.84293670 0.91684989 1.01163157 0.94808787 1.11993885 0.93679871 0.49542804
0.07587602 1.00399249 0.10526571 0.29070549 0.10851525 1.32770291 0.55165946 0.30594937 0.99224835 0.34881427 0.38854287 0.37291492 0.49473858 0.71871255 1.04388872 1.06191874 0.55988995 0.67843540 0.52073162 0.96378499 0.68938909 0.76095458 0.84642526 0.94000772 1.02658419 0.97252783 1.13137265 0.94992762 0.52432475
0.08322243 1.08237173 0.12973965 0.30266720 0.07196754 1.43438537 0.58303585 0.32266731 1.04606510 0.40589257 0.37604641 0.36244526 0.49762747 0.73890985 1.14585159 1.12740160 0.54230576 0.64334888 0.49563522 1.00393545 0.66827805 0.82848060 0.90920073 1.04713639 1.03229160 1.04987265 1.18349782 0.98124668 0.59477020
0.02921731 0.94535828 0.02940886 0.12264051 0.10493577 1.43281994 0.50318926 0.40140977 1.05981565 0.37097278 0.40225352 0.34545690 0.47320797 0.66733471 1.12369349 1.03480796 0.60964861 0.72978692 0.51817159 1.09636022 0.75850488 0.71357918 0.78083188 0.95964102 1.05397916 0.98761551 1.16310051 0.98514260 0.56787906
0.08165732 1.01963460 0.11530326 0.32010886 0.11224694 1.34057862 0.55363020 0.31288899 1.00757005 0.35190547 0.39151073 0.38209507 0.49954003 0.72688910 1.05849987 1.08090957 0.56166325 0.68293941 0.54285719 0.97250229 0.69137284 0.77541352 0.85745032 0.95127047 1.04060130 0.98377778 1.14887497 0.96901846 0.52766134
0.08426151 0.98617268 0.11654209 0.32115218 0.09815517 1.31292818 0.53205696 0.31008730 0.97853946 0.34430510 0.37766800 0.37227713 0.48078272 0.69794157 1.04034157 1.05149040 0.53847542 0.65396605 0.52097305 0.94826679 0.66135901 0.76064017 0.83474912 0.92759275 1.00131913 0.95286608 1.11602938 0.93545530 0.50992904
0.07012472 1.14206327 0.12421936 0.27002061 0.06744381 1.54850498 0.59713536 0.37081283 1.13030802 0.45473213 0.37984017 0.35436335 0.50399568 0.75627298 1.24775516 1.18519319 0.56170378 0.65821056 0.51739889 1.08807686 0.69777198 0.86444891 0.93866386 1.13897049 1.07975865 1.12890328 1.25481479 1.05162611 0.66982582
0.04256381 0.99829004 0.06321869 0.17448558 0.12445674 1.32899535 0.56333355 0.30314817 0.99839247 0.35650376 0.39257077 0.34600285 0.49685473 0.72380653 1.02998042 1.03777926 0.58681954 0.70388090 0.49580149 0.98200309 0.72914636 0.72219243 0.82489168 0.94400677 1.04127482 0.98677437 1.12479779 0.95283340 0.55536177
0.08689175 0.87287796 0.07627931 0.20370317 0.03631697 1.23667977 0.54040137 0.23631685 0.83757861 0.30044659 0.37875795 0.35394202 0.47052478 0.65634235 0.94105985 0.94015593 0.52532482 0.62633727 0.32959223 0.87195156 0.63197848 0.71184125 0.81241121 0.82795449 0.88887424 0.84706566 0.99461575 0.75364349 0.42412564
0.08401764 0.86894763 0.07190343 0.19154964 0.03586361 1.23566787 0.53993884 0.23593689 0.83552467 0.30051931 0.37840156 0.35073225 0.46934879 0.65425254 0.93882469 0.93522975 0.52640713 0.62674514 0.32387876 0.87246104 0.63366555 0.70716274 0.80882064 0.82632452 0.88674260 0.84561917 0.99125122 0.75019175 0.42522604
0.08132779 1.02046102 0.11486085 0.31670658 0.11494060 1.32649246 0.56023346 0.30085218 0.99768835 0.34808276 0.39195440 0.38146379 0.50253209 0.73222265 1.04375528 1.07650106 0.56201478 0.68342191 0.53626752 0.96008067 0.69162488 0.77190273 0.85936055 0.94481422 1.03869846 0.98034515 1.14154274 0.96161311 0.52383962
