0.07515958 1.01933775 0.06637011 0.17154319 -0.09085532 0.86389605 0.58368225 0.20675791 0.94988538 0.26020198 0.34778662 0.51829419 0.49521538 0.68689909 0.92042931 0.90807027 0.45344955 0.70464315 0.40123106 0.83824998 0.53917868 0.71156921 0.61661754 1.05516381 1.00075081 1.22616553 0.93322249 0.99387685 0.73498787
0.04443325 0.97921769 0.03874643 0.18991338 -0.00558209 0.77264935 0.54727023 0.31226431 0.89931015 0.32934706 0.41786696 0.40756703 0.44319881 0.65141641 0.83600524 0.85810939 0.45878504 0.68458443 0.32384741 0.84851438 0.55922885 0.70785115 0.59972218 0.95225691 0.94226705 1.07267274 0.88147129 0.95843235 0.58551442
0.07518078 1.01934880 0.06639500 0.17160708 -0.09084402 0.86389598 0.58370211 0.20675635 0.94989681 0.26019815 0.34781882 0.51832169 0.49522547 0.68691094 0.92044197 0.90808886 0.45344743 0.70463922 0.40124546 0.83826392 0.53917579 0.71157740 0.61662501 1.05517897 1.00076015 1.22617854 0.93323348 0.99388178 0.73499316
0.05011603 1.00067271 0.12388704 0.25964589 -0.02128804 0.88319814 0.57312584 0.22776027 0.94851892 0.29145691 0.38031609 0.48784311 0.48863335 0.60762050 0.88737101 0.95033373 0.45546334 0.67103334 0.37461154 0.84028439 0.62760497 0.73358642 0.66264854 1.07547867 1.04617204 1.22494865 0.91500681 0.93225675 0.71059615
0.02513391 1.01624585 0.06354393 0.14855465 -0.07823278 0.89104143 0.56203832 0.23757173 0.94556868 0.29002544 0.33951184 0.48088840 0.48115804 0.63318852 0.90685565 0.92879070 0.45829988 0.69978397 0.38534423 0.83239708 0.61379159 0.73679422 0.65982930 1.07031592 1.05203030 1.23745928 0.92933545 0.95515422 0.74444275
0.03251196 0.90882529 0.05626441 0.13321209 0.14372071 0.73559591 0.49290263 0.31557171 0.89062935 0.38678475 0.38497381 0.24316597 0.43137048 0.58797199 0.71626498 0.81165543 0.51166530 0.67718492 0.17472603 0.86287165 0.58207444 0.65145565 0.52451179 0.86494731 0.81816381 0.92828740 0.80181032 0.97742491 0.37447428
0.06868062 1.03373720 0.09729211 0.23931904 -0.05743331 0.88204103 0.59533364 0.23101632 0.96609898 0.28235109 0.38829307 0.52057946 0.49987688 0.66727274 0.92507193 0.94800634 0.45986153 0.70000605 0.40183828 0.85966229 0.59019966 0.74091824 0.65472324 1.08372648 1.04512746 1.24563054 0.94547389 0.98125329 0.73657259
0.04058103 1.02013999 0.04926994 0.13052746 -0.09595944 0.87907607 0.56778453 0.22774584 0.94564439 0.27765587 0.33351864 0.49290365 0.48454901 0.66240491 0.91547311 0.91276145 0.45714657 0.70863476 0.39285284 0.83296667 0.57729365 0.72565782 0.63886589 1.05982331 1.02859763 1.23197725 0.93307060 0.97749319 0.74492601
0.04426750 1.22383611 0.08342990 0.20033463 0.00099204 1.04063944 0.67820218 0.32840338 1.15808475 0.40046212 0.45433461 0.50750586 0.58174742 0.77711384 1.05258807 1.11097452 0.59300803 0.86140319 0.39489004 1.05539364 0.74524244 0.88252601 0.76347300 1.24822547 1.20955791 1.41108905 1.10678230 1.20384357 0.76857490
0.05282087 1.02867289 0.12003988 0.27021613 -0.02044821 0.89426292 0.58939880 0.24658547 0.96983998 0.30383495 0.40261595 0.49778460 0.49732035 0.63141853 0.90921568 0.96937603 0.46682039 0.69026421 0.38355703 0.86639007 0.63776928 0.75420365 0.67743518 1.09371249 1.06771340 1.24403086 0.93920299 0.95981250 0.71939898
0.07489150 0.92163858 0.12301683 0.28368566 0.19018200 0.73506413 0.52950061 0.31188803 0.91273774 0.38503066 0.45558176 0.28701955 0.45124294 0.59409382 0.72802750 0.85408691 0.50957689 0.66002181 0.19090456 0.89156513 0.58963962 0.66603929 0.54084320 0.89383082 0.83432881 0.94507324 0.81452208 0.97658244 0.36675978
0.03583176 1.03584060 0.07393087 0.18599947 -0.07357027 0.89729477 0.57981818 0.24672917 0.96132070 0.29416161 0.36669763 0.50039247 0.49002228 0.64971417 0.92462410 0.94827952 0.46204913 0.70681835 0.39822156 0.85146775 0.61895057 0.75212806 0.67276508 1.08796045 1.06988676 1.25496103 0.94717555 0.96928479 0.75401686
0.07939198 0.97156791 0.09875745 0.26465668 0.13002886 0.76442160 0.55750874 0.31523926 0.93974149 0.37304712 0.45935388 0.34291142 0.46684239 0.64640442 0.78991791 0.87732346 0.50965292 0.69212160 0.24289012 0.90896467 0.58022472 0.69488461 0.56594265 0.93734425 0.88267552 1.01346295 0.86391828 1.01423570 0.44571429
0.04139223 1.01600543 0.02304943 0.07419302 -0.12540036 0.87264289 0.56071950 0.21300964 0.93804394 0.26352103 0.30265639 0.49311588 0.48245849 0.67908822 0.91829951 0.88839008 0.45445272 0.71690890 0.39582970 0.82019792 0.54581446 0.70982845 0.61714779 1.04573102 1.00575613 1.22695622 0.93012123 0.99034561 0.75256897
0.08568546 0.91764867 0.13957525 0.31959072 0.20370116 0.72890302 0.53467133 0.30882450 0.91234678 0.38295130 0.47037558 0.29353557 0.45330099 0.59139447 0.72410650 0.85815393 0.50675249 0.65132697 0.19101832 0.89360567 0.58717097 0.66405457 0.53943443 0.89335939 0.82984997 0.94003053 0.81099332 0.97101943 0.35790884
0.07365279 1.02433470 0.14723083 0.32485708 -0.01697646 0.89151110 0.60082627 0.22765642 0.96954716 0.28758919 0.41649397 0.52616811 0.50414454 0.63096529 0.91344574 0.97765518 0.45622848 0.67526512 0.39797355 0.86225185 0.62603918 0.74955530 0.67653271 1.10247094 1.06689816 1.25358743 0.93796386 0.94863839 0.72924519
0.03466919 0.90025013 0.05764525 0.12142406 0.13125040 0.73855090 0.48886290 0.29571038 0.88519472 0.37284043 0.36566179 0.25041520 0.43231031 0.58331962 0.71564557 0.80547771 0.50549069 0.67152119 0.17937108 0.84900216 0.57174585 0.64124154 0.51747009 0.86542887 0.81214959 0.93444855 0.79618258 0.97005193 0.38659584
0.18520266 0.81878571 0.43322604 0.81397231 0.56451541 0.68450665 0.55954516 0.28365149 0.93296120 0.43855960 0.65582200 0.22695271 0.48334332 0.43257342 0.57156220 0.95068367 0.53209018 0.52070665 0.05461545 0.95330503 0.69269435 0.63537220 0.52998242 0.88251348 0.75718325 0.81170774 0.71019900 0.87913351 0.08294189
0.04341997 0.90850256 0.07721157 0.16062751 0.14601373 0.74631968 0.50015739 0.29602563 0.89710165 0.37584634 0.38430687 0.26132302 0.44031316 0.58413078 0.72212170 0.82382015 0.50882585 0.67056538 0.18323612 0.86122968 0.58251056 0.64995657 0.52736116 0.88063518 0.82452906 0.94677834 0.80391157 0.97355623 0.38776265
0.02850659 0.98698218 0.02174235 0.15778797 0.00691880 0.77530465 0.54108092 0.33642888 0.90602599 0.35205144 0.41835364 0.37776531 0.43960317 0.65248401 0.83068714 0.85786300 0.47395731 0.69984685 0.30517619 0.86280414 0.57740929 0.71664484 0.60334816 0.94651600 0.94444629 1.06095551 0.88479001 0.97421273 0.56448638
0.01343455 0.82927409 0.07343586 0.12057326 0.22378562 0.68902185 0.43981510 0.31441453 0.84275127 0.40722520 0.36175471 0.14392503 0.40114041 0.50710676 0.61772144 0.76354269 0.51248295 0.63337716 0.08984736 0.82934798 0.59436670 0.60386995 0.48150424 0.78863004 0.73904710 0.81648183 0.72272022 0.92066558 0.25346554
0.09869402 1.13991289 0.03315635 0.24539327 -0.00654363 0.84524474 0.65455882 0.36257690 1.04036912 0.36911355 0.51688783 0.49142884 0.51791687 0.81807557 0.97339478 0.96280178 0.53034028 0.80271345 0.38002124 1.00025587 0.57038172 0.79921401 0.64790590 1.06619359 1.02873401 1.19979817 1.02324236 1.15583984 0.63870150
0.07416989 0.92535060 0.11809766 0.27771065 0.18048583 0.73683196 0.53092283 0.31182315 0.91301591 0.38239577 0.45362506 0.29292141 0.45141952 0.59891212 0.73397186 0.85398556 0.50789735 0.66250439 0.19722195 0.89054050 0.58686672 0.66791169 0.54273286 0.89654980 0.83855029 0.95123657 0.81850251 0.97819146 0.37678659
0.07342091 1.09313708 0.05967049 0.23323194 0.05094368 0.84924676 0.61848217 0.35057748 1.02361714 0.38586814 0.48553617 0.42562989 0.50667434 0.74372793 0.91485446 0.95632710 0.53815066 0.77565992 0.32378520 0.97963008 0.61425085 0.77888730 0.64072881 1.04651497 1.00824029 1.16094419 0.97815474 1.11295656 0.58107650
0.07130829 0.94044690 0.09123208 0.25835136 0.14645360 0.72980877 0.53646955 0.32730050 0.90923404 0.37893400 0.45982546 0.30978918 0.44652792 0.62379847 0.75336567 0.84678202 0.50096280 0.67317981 0.21877416 0.89072417 0.57133349 0.67677462 0.54765510 0.89487401 0.84833494 0.95860360 0.83280700 0.98608216 0.40244507
0.00727868 1.01678290 0.03773183 0.09427098 -0.09155922 0.89346099 0.55035072 0.24647622 0.94158734 0.29673157 0.31916498 0.46190209 0.47441883 0.63294573 0.90458273 0.91751337 0.46275243 0.71016757 0.37795995 0.82821811 0.61752283 0.73689537 0.65830481 1.06233239 1.05141670 1.23256017 0.92867467 0.96006167 0.74524676
0.08440632 0.91784520 0.13761179 0.31495365 0.20191769 0.72963978 0.53388851 0.30877445 0.91222086 0.38294076 0.46814055 0.29275118 0.45303415 0.59153257 0.72443078 0.85745382 0.50697684 0.65221385 0.19097335 0.89303138 0.58725062 0.66400576 0.53937745 0.89330956 0.83013134 0.94060207 0.81119405 0.97148920 0.35904582
0.01288665 1.00722386 0.05776511 0.11111948 -0.07874480 0.90037810 0.54927642 0.22804907 0.94333866 0.29074767 0.31205944 0.46290889 0.47949295 0.61864608 0.89744744 0.92325335 0.46255986 0.70076791 0.37284892 0.82345740 0.62200619 0.72983416 0.65562982 1.06828439 1.04792099 1.23677237 0.92115428 0.95186656 0.74163104
0.03915518 1.00471807 0.10223643 0.22452457 -0.02958858 0.88014232 0.56738117 0.24147148 0.94648444 0.29944488 0.37405245 0.47427559 0.48314235 0.61413757 0.88730750 0.94140465 0.45967963 0.68120995 0.36972676 0.84218050 0.62754354 0.73600328 0.66117964 1.06686275 1.04431374 1.21706289 0.91707005 0.94072289 0.70683853
0.04284609 1.02429297 0.10021316 0.23210198 -0.04326849 0.89154238 0.58029766 0.24520933 0.95920082 0.29809757 0.38345498 0.49499039 0.49031629 0.63156267 0.90935284 0.95526432 0.46116431 0.69169724 0.38741090 0.85292641 0.62918111 0.74933080 0.67344794 1.08550488 1.06477558 1.24223260 0.93600214 0.95424012 0.73162924
0.06442596 1.05975722 0.03508286 0.17556550 0.01461830 0.82779041 0.59322938 0.32769968 0.98637655 0.36086943 0.44078266 0.41906575 0.48904555 0.72925046 0.89579422 0.91358974 0.51648700 0.75838335 0.32455203 0.93513837 0.57955990 0.74844829 0.61462644 1.01321531 0.97546035 1.13637089 0.95032496 1.08175727 0.58892185
0.06863988 0.92400061 0.11101333 0.26155015 0.17611928 0.73737389 0.52664270 0.31312223 0.91065459 0.38341755 0.44627581 0.28733822 0.44901017 0.59717012 0.73238037 0.84999960 0.50832199 0.66426731 0.19504032 0.88758631 0.58776551 0.66700000 0.54195911 0.89375517 0.83791371 0.94952081 0.81710273 0.97756797 0.37749913
0.09046999 1.03419266 0.06981383 0.21261570 0.01467531 0.82551343 0.59429120 0.27513970 0.97694076 0.32653221 0.42253425 0.44537882 0.49726808 0.71530605 0.88721726 0.90834643 0.50061068 0.73206886 0.33242839 0.91046690 0.55204954 0.72107766 0.59428241 1.01477083 0.95168147 1.14178864 0.93189010 1.06028262 0.59675817
0.04537054 1.01066190 0.02418568 0.07452932 -0.11923215 0.86600290 0.55899216 0.21035281 0.93561639 0.26295344 0.30197347 0.48796962 0.48187989 0.67944136 0.91182013 0.88231784 0.45515916 0.71508669 0.38965326 0.81951835 0.53882629 0.70346015 0.60852129 1.03770595 0.99315701 1.21609531 0.92460765 0.99204257 0.74010773
0.08232875 0.92580888 0.12952624 0.30239176 0.18892353 0.73523694 0.53645316 0.30960755 0.91579017 0.38119779 0.46434880 0.29953090 0.45461401 0.59986142 0.73443514 0.85927496 0.50731426 0.65889280 0.19882830 0.89442102 0.58583767 0.66833322 0.54307270 0.89946783 0.83798194 0.95178651 0.81906086 0.97802418 0.37328614
0.07955190 0.94695152 0.14434816 0.31145221 0.17603055 0.77542561 0.54910071 0.29545951 0.93912221 0.37602639 0.45706015 0.32628922 0.47028463 0.59893775 0.76223401 0.89315264 0.51148025 0.66713153 0.21972616 0.90186200 0.61172168 0.68693790 0.57026128 0.94455837 0.88221580 1.00861670 0.84199127 0.98361687 0.42101088
0.20590582 1.14619093 0.31553122 0.83796786 0.12770368 0.87750830 0.75963151 0.32495457 1.07619889 0.33606849 0.74551418 0.68001302 0.56768270 0.73173362 1.00473781 1.14337468 0.47199923 0.67477050 0.47554125 1.03088671 0.66814138 0.86419245 0.77251216 1.20840390 1.17174457 1.31454944 1.04417712 1.01403151 0.70655918
0.08793100 0.93951415 0.13614508 0.32246390 0.19075743 0.74312233 0.54771435 0.31367733 0.92778497 0.38370103 0.47847276 0.31211667 0.46146617 0.60984754 0.74727302 0.87357553 0.51082901 0.66476590 0.20730362 0.90681577 0.59143024 0.67888446 0.55263006 0.91382657 0.85195966 0.96709375 0.83175179 0.98828144 0.38242652
0.03603194 1.00529913 0.02082726 0.05351553 -0.12856543 0.87440434 0.55138999 0.20222318 0.93168083 0.25892848 0.28337726 0.48485609 0.47997544 0.66803789 0.91004705 0.88068747 0.45280600 0.71276235 0.38979218 0.80880541 0.54483935 0.70100007 0.61098433 1.04086251 0.99840817 1.22356583 0.92099395 0.98247753 0.75178582
0.04165348 1.22062428 0.08363328 0.19609037 0.00636181 1.04033701 0.67491681 0.32910494 1.15716275 0.40329657 0.45172711 0.49986358 0.58060157 0.77234351 1.04741286 1.10952986 0.59490261 0.86074852 0.38875603 1.05496615 0.74861938 0.88094328 0.76202176 1.24531994 1.20660564 1.40614920 1.10330463 1.20262363 0.76149643
0.05655605 0.99850408 0.04535942 0.11492566 -0.10319070 0.85660960 0.56058167 0.20213494 0.92949008 0.25761174 0.31370972 0.49290329 0.48185662 0.66857267 0.90133292 0.88299602 0.44868756 0.69929364 0.38750871 0.81481990 0.53503022 0.69635736 0.60424343 1.03315012 0.98377397 1.20589848 0.91405774 0.97690900 0.72809533
0.03174018 0.90015907 0.05627670 0.12767115 0.14341617 0.73156057 0.48760217 0.30993598 0.88404349 0.38319266 0.37745190 0.23908751 0.42860084 0.58156652 0.70921068 0.80472565 0.50865056 0.67197202 0.17119485 0.85507657 0.57787677 0.64453112 0.51878498 0.85825546 0.81001073 0.92122118 0.79417726 0.97023881 0.37047554
0.05386926 1.06801216 0.02264274 0.13948496 0.02955353 0.83635623 0.58884713 0.34031699 0.99934550 0.37990592 0.43324613 0.39069988 0.49138950 0.73333891 0.89194036 0.91511514 0.53570394 0.77648979 0.30364555 0.95144323 0.59401554 0.75302596 0.61262941 1.01180580 0.97248611 1.13000769 0.95445220 1.10651628 0.56688892
0.12081878 0.96150934 0.20133181 0.45201706 0.21673836 0.76895806 0.58505286 0.29794015 0.95859202 0.37544989 0.52881603 0.36848957 0.48733774 0.61196326 0.77501862 0.92942696 0.50893151 0.65333909 0.23672247 0.93099102 0.61296457 0.70143914 0.58376794 0.96718652 0.89452479 1.01961013 0.85569058 0.98661520 0.41175143
0.08872128 1.02606568 0.07897339 0.20655307 -0.08819752 0.86281776 0.59572872 0.20439132 0.95579295 0.25571064 0.36531496 0.53695625 0.50111522 0.69654055 0.92937676 0.91710376 0.45104407 0.70274929 0.41187312 0.84521088 0.53342765 0.71530055 0.61944141 1.06333488 1.00483942 1.23433261 0.94014011 0.99765688 0.74060487
0.10469200 1.04903043 0.09497622 0.27562884 0.04664263 0.82775332 0.61244131 0.28927092 0.99527576 0.34000998 0.46332407 0.45303797 0.50696725 0.72279349 0.89323142 0.93286500 0.50966383 0.73424736 0.33146630 0.93736471 0.56699849 0.73621351 0.60639139 1.02882330 0.96358088 1.14605736 0.94361916 1.07288032 0.58134171
0.08720076 0.87799040 0.16147270 0.34615943 0.25004207 0.70139071 0.51548979 0.30526423 0.88944475 0.38919654 0.47320765 0.25607586 0.44113682 0.55326905 0.67663894 0.83917640 0.50350948 0.62334137 0.15417526 0.87935790 0.58872931 0.64042427 0.51839337 0.85794039 0.78977890 0.88500675 0.77211882 0.93975822 0.29673612
0.04363301 1.01606667 0.02502139 0.07795388 -0.12490500 0.87243378 0.56195630 0.21121983 0.93864088 0.26224486 0.30363530 0.49531448 0.48343087 0.68011104 0.91889234 0.88892852 0.45414777 0.71638747 0.39670831 0.82052222 0.54413854 0.70923116 0.61637410 1.04637223 1.00490111 1.22762932 0.93032832 0.99094320 0.75273024
0.06724190 0.92459246 0.10863293 0.25695002 0.17380735 0.73800280 0.52603750 0.31362592 0.91049526 0.38348841 0.44448335 0.28691321 0.44862442 0.59771292 0.73312386 0.84935590 0.50840804 0.66533016 0.19546464 0.88713278 0.58781709 0.66733028 0.54225035 0.89378704 0.83866986 0.95029743 0.81766577 0.97807686 0.37916687
0.07205060 1.03182006 0.04030978 0.14768798 -0.00234195 0.82666994 0.57987530 0.28029493 0.97054489 0.33069832 0.39501988 0.42440982 0.48965905 0.71522131 0.88319362 0.89202396 0.50444921 0.74256151 0.32378032 0.90260614 0.55104935 0.71711086 0.58821006 1.00328592 0.94577200 1.13448514 0.92871584 1.06545786 0.59716068
0.05597645 0.92359982 0.08524708 0.21331368 0.15623258 0.73500322 0.51720456 0.31846195 0.90347132 0.38390189 0.42782644 0.27714985 0.44203251 0.60156597 0.73262385 0.83546085 0.50796148 0.67203770 0.19405500 0.88005420 0.58161273 0.66447631 0.53745559 0.88386610 0.83400710 0.94457279 0.81633565 0.98062088 0.38323177
0.04073826 1.02861932 0.09670863 0.22552620 -0.04615112 0.89519968 0.58118106 0.24737361 0.96228025 0.29980842 0.38226451 0.49507462 0.49128250 0.63456680 0.91310324 0.95730843 0.46326416 0.69589440 0.38860754 0.85553876 0.63155679 0.75234021 0.67590082 1.08871124 1.06900955 1.24675119 0.93985640 0.95868827 0.73541174
0.04189998 0.95617291 0.05009722 0.12234751 0.08895086 0.78167354 0.52274062 0.29651360 0.92603310 0.36696460 0.37582091 0.30593541 0.45630234 0.63088442 0.77973819 0.84603392 0.51396419 0.70577203 0.22678809 0.87796533 0.57920671 0.67670865 0.55059573 0.92411795 0.87103426 1.01482707 0.85079392 1.01403374 0.46214263
0.04058539 1.02641692 0.09447728 0.22221329 -0.04895668 0.89250339 0.57969987 0.24653104 0.95927363 0.29804761 0.38023851 0.49497473 0.48976274 0.63451222 0.91186082 0.95371284 0.46144373 0.69469169 0.38899665 0.85260147 0.62802795 0.75017481 0.67369013 1.08554571 1.06606703 1.24407218 0.93796696 0.95672428 0.73550122
0.05547541 1.03226706 0.11118082 0.26394437 -0.03896562 0.89076580 0.59217710 0.24505963 0.96646302 0.29593851 0.40123509 0.51076706 0.49632482 0.64230791 0.91807268 0.96437114 0.46078458 0.69191039 0.39600210 0.86207110 0.62467305 0.75384879 0.67611465 1.09319562 1.06849568 1.24924036 0.94361947 0.96097511 0.73455489
0.05650257 0.96436773 0.05258511 0.21035586 -0.00204210 0.76307733 0.54616037 0.29416965 0.89026448 0.31603221 0.41520891 0.41520647 0.44328907 0.64478700 0.82711228 0.85068800 0.45013706 0.67028275 0.32438181 0.83680518 0.54369457 0.69384305 0.58764890 0.94473362 0.92545705 1.06403383 0.86935456 0.94587565 0.58010984
0.07684296 1.04420669 0.05207348 0.20555226 0.03452142 0.81300821 0.59197397 0.31902830 0.97887654 0.35686817 0.44868059 0.41560663 0.48810558 0.72091132 0.87978874 0.90694501 0.51278089 0.74448542 0.31494500 0.93093994 0.56935167 0.73579123 0.60146939 1.00011060 0.95370323 1.11543771 0.93569611 1.07225572 0.56450758
0.04292026 0.97892175 0.02827102 0.12313949 0.06168129 0.77458607 0.53541921 0.32039454 0.92812539 0.36851110 0.39816355 0.32756538 0.45381608 0.66134989 0.80399576 0.84701408 0.50922863 0.71865424 0.25107782 0.88790843 0.56807448 0.69299718 0.56155954 0.92742058 0.88761028 1.02482962 0.87146658 1.02681859 0.48615149
0.06121449 1.05835618 0.03304550 0.17649828 0.01557691 0.82446031 0.59132502 0.33361297 0.98299690 0.36364560 0.44412994 0.41572414 0.48577584 0.72635634 0.89317503 0.91209464 0.51519037 0.75673256 0.32341266 0.93415508 0.58220209 0.74982272 0.61659314 1.00984033 0.97652868 1.13165675 0.94864979 1.07713990 0.58648316
0.00213356 1.18255410 0.03168979 0.03426537 -0.04170691 1.04627149 0.62597681 0.29407255 1.12452777 0.38499969 0.34565128 0.45502559 0.56220018 0.74224310 1.02060615 1.05762600 0.58942250 0.86102841 0.36645136 1.00100786 0.73257228 0.84359344 0.73058885 1.21385462 1.17307987 1.39026669 1.07060957 1.18330721 0.77204708
0.10334323 0.91018011 0.16106141 0.35821893 0.20835728 0.72453069 0.54143893 0.28993844 0.91042454 0.36870780 0.47679872 0.31239663 0.45845093 0.58988023 0.72345226 0.86058427 0.49874935 0.63842492 0.19856776 0.88819657 0.57403499 0.65566557 0.53324912 0.89612837 0.82184605 0.94264952 0.80618363 0.96259137 0.36016343
0.10554567 1.05572156 0.08851177 0.27538257 0.03413240 0.82672620 0.61658379 0.29336455 0.99521804 0.33738274 0.46777935 0.46348616 0.50656894 0.73218116 0.90242886 0.93311681 0.50636404 0.73727444 0.34202326 0.93798942 0.56181924 0.74055173 0.60998964 1.03144292 0.96985716 1.15249246 0.95030286 1.07512242 0.59399754
0.20820747 0.94413674 0.33228750 0.73075320 0.33983538 0.72979972 0.63253792 0.28130902 0.97442269 0.37244420 0.65172462 0.40997964 0.51220267 0.60285734 0.74902788 0.97203528 0.50346734 0.60077814 0.22717188 0.96881903 0.60267381 0.69316896 0.57321796 0.97123095 0.86052032 0.98342190 0.83835395 0.97063066 0.32725902
0.07159815 0.91433404 0.12145027 0.27794896 0.19234730 0.73057655 0.52379676 0.31186386 0.90651181 0.38543669 0.45128760 0.27942016 0.44730528 0.58708949 0.72024761 0.84806588 0.50792491 0.65599473 0.18553914 0.88608842 0.58941927 0.66171253 0.53743372 0.88646707 0.82830287 0.93602301 0.80756542 0.96968700 0.36002306
0.05480146 0.97144834 0.05254244 0.21542091 0.00249617 0.76612586 0.54949141 0.30302238 0.89585872 0.32284336 0.42368996 0.41393535 0.44455017 0.64769606 0.83069601 0.85725212 0.45416201 0.67482337 0.32406866 0.84498890 0.55162314 0.70113460 0.59397185 0.94928012 0.93317327 1.06708850 0.87502660 0.95121837 0.57905488
-0.01529162 1.08322019 0.12419615 0.26397188 0.09595117 0.95468775 0.58741418 0.36054982 1.03671410 0.42590988 0.45973728 0.38728958 0.50272843 0.59494935 0.89757715 1.04906969 0.54424894 0.74264005 0.30698725 0.96138309 0.80427522 0.83536071 0.75594280 1.13640418 1.15443686 1.24898500 0.97397979 1.00651241 0.64270929
0.14574855 0.91006207 0.27036669 0.60268954 0.22807823 0.73493557 0.58451953 0.26708296 0.91042814 0.33647917 0.56511805 0.41683600 0.47298157 0.55404072 0.74753203 0.92931518 0.45505208 0.57570515 0.26439448 0.88024495 0.60166881 0.68209046 0.59133670 0.95771483 0.89306948 1.00454878 0.81614315 0.88148471 0.42703179
0.06905009 0.89676508 0.11328669 0.27144396 0.18495468 0.70998834 0.51310551 0.31249232 0.88478409 0.37902718 0.44699956 0.27376979 0.43506776 0.57862455 0.70607663 0.82732212 0.49568484 0.64314752 0.18365634 0.86807714 0.57442580 0.64965358 0.52675304 0.86383606 0.81089507 0.91215335 0.79167366 0.94919554 0.35215228
0.03391710 0.96422948 0.02094385 0.14104742 -0.02030382 0.76764160 0.53103351 0.30261488 0.88502411 0.32278311 0.38697237 0.39253293 0.43519509 0.64315352 0.82452607 0.83674059 0.45504748 0.68256186 0.31593553 0.82983577 0.54838704 0.69322342 0.58580860 0.93592752 0.92530419 1.05998984 0.86814411 0.95068727 0.58368317
0.03942879 1.04809279 -0.00790418 0.08519858 -0.01567776 0.82079129 0.56930573 0.33140194 0.96708128 0.36021663 0.39951620 0.39227557 0.47365040 0.72550351 0.88557142 0.88192041 0.51413198 0.76557115 0.31516401 0.91387368 0.56907738 0.73666328 0.60143797 0.98881956 0.96024393 1.11874318 0.93899726 1.07776689 0.59087988
0.11757467 0.95383751 0.19619309 0.45823463 0.16420444 0.76675676 0.58347092 0.28254917 0.93460591 0.34510796 0.51796083 0.41031371 0.47824917 0.60458424 0.78989548 0.92280461 0.47699444 0.63359419 0.27721657 0.89604251 0.59719579 0.69994844 0.59589635 0.97395569 0.91547771 1.04413128 0.85510082 0.94506511 0.47329782
0.06535715 1.01793115 0.04840469 0.13206521 -0.10772415 0.86556427 0.57580557 0.20560749 0.94496110 0.25804547 0.32849507 0.51188289 0.49112453 0.68810164 0.92106233 0.89782889 0.45289505 0.70989148 0.40111224 0.83027096 0.53495939 0.70829822 0.61303683 1.05023708 0.99859950 1.22640087 0.93218826 0.99514141 0.74304539
0.03736624 0.91266833 0.05625547 0.13613601 0.13154967 0.73802351 0.49757470 0.30885526 0.89177367 0.37861833 0.38363785 0.25774032 0.43411800 0.59514586 0.72533852 0.81312193 0.50761090 0.67762867 0.18604584 0.86062771 0.57427066 0.65173636 0.52527921 0.87086870 0.82203180 0.93927312 0.80679866 0.97877741 0.38983816
0.03482513 1.22022907 0.07113773 0.17062757 -0.00526783 1.04094429 0.66992534 0.32979923 1.15364231 0.40231763 0.44024473 0.49592675 0.57747565 0.77352506 1.04823905 1.10285007 0.59424631 0.86431126 0.38927485 1.04994379 0.74609088 0.87955326 0.76041491 1.24193938 1.20603433 1.40616900 1.10306375 1.20314780 0.76726720
0.00986015 1.20831128 0.03852463 0.08899734 -0.02005870 1.04069013 0.64638632 0.33190811 1.14095426 0.40713761 0.40039845 0.46223825 0.56583381 0.76270334 1.03400557 1.07918380 0.59805523 0.87147927 0.37155736 1.03449423 0.74717902 0.86928144 0.74957271 1.22286448 1.19283760 1.38999945 1.09088715 1.20133471 0.76002468
0.06857676 0.91347563 0.11765846 0.26927253 0.19013832 0.73076286 0.52140375 0.31261257 0.90514177 0.38604110 0.44734286 0.27624347 0.44593761 0.58600847 0.71921900 0.84583925 0.50814276 0.65685886 0.18422789 0.88444538 0.58994016 0.66116181 0.53696767 0.88481844 0.82784574 0.93488565 0.80667821 0.96922701 0.36019383
0.05765959 0.96680018 0.06858839 0.19631770 0.10923172 0.76696200 0.54058846 0.31893490 0.93036642 0.37555569 0.42777911 0.32221155 0.45754692 0.64149521 0.78511894 0.86037689 0.51100756 0.70016076 0.23568427 0.89643494 0.58138914 0.69062908 0.56189710 0.92640558 0.87965717 1.00807860 0.85910423 1.01316047 0.45111783
0.28867314 1.11717655 0.36590602 0.90955478 0.14519745 0.84453329 0.78120897 0.23910870 1.07660221 0.28000058 0.73956323 0.72608313 0.59366603 0.76652174 0.99532947 1.11771879 0.46138303 0.65253299 0.47867972 1.02120416 0.56890637 0.80481943 0.69818957 1.18776349 1.07887714 1.29158782 1.02140828 1.04007956 0.67135157
0.05769599 0.96646716 0.05485942 0.17043807 0.09292442 0.76371713 0.53811827 0.31386357 0.92665777 0.36889085 0.41499148 0.32435066 0.45618829 0.65090168 0.78839377 0.84935271 0.50895443 0.70457641 0.23940973 0.89071242 0.56642916 0.68474085 0.55327183 0.92047141 0.87115787 1.00708364 0.85927398 1.01908054 0.45753273
0.01994195 1.21810962 0.04639276 0.12043205 -0.02277475 1.04015687 0.65856680 0.33473037 1.14618048 0.40400916 0.41950581 0.48229801 0.57008607 0.77377599 1.04613929 1.08881969 0.59461752 0.87124719 0.38565908 1.04153067 0.74360029 0.87677319 0.75661734 1.23220871 1.20271192 1.40075134 1.10065206 1.20412324 0.77140445
0.03428924 0.94605097 0.02814153 0.05887612 0.02190094 0.79416518 0.51158137 0.25616254 0.90853486 0.32863146 0.31850612 0.33509932 0.45347277 0.62964163 0.79509594 0.82728487 0.49230110 0.70046303 0.25708558 0.83688220 0.55159571 0.66055807 0.54395197 0.93060943 0.87501902 1.04692272 0.84848185 0.99480416 0.52656150
0.18666085 0.97812830 0.27058892 0.66175254 0.27650760 0.72951745 0.63659613 0.31937321 0.97338692 0.37777000 0.65163243 0.42441895 0.50214721 0.64423876 0.78554308 0.96255375 0.49996725 0.63129126 0.25869836 0.97383442 0.59257657 0.71705684 0.59023507 0.97313997 0.89000958 1.00279077 0.86916377 0.99199186 0.37575410
0.06271480 0.91557601 0.09837884 0.23806872 0.17309144 0.72723743 0.51741798 0.31671141 0.90068018 0.38474649 0.43734385 0.27375088 0.44174517 0.59463309 0.72261216 0.83514663 0.50702365 0.66350059 0.18703774 0.88043561 0.58084359 0.65975751 0.53289965 0.87790811 0.82442089 0.93230854 0.80842656 0.97430711 0.36643223
0.05394110 1.04726568 0.10448780 0.25550465 0.01475643 0.88481614 0.59498473 0.28224711 0.98991739 0.33748883 0.42690699 0.46219365 0.50049962 0.65794095 0.90453887 0.96904473 0.49525191 0.71801128 0.35411091 0.90559780 0.64309104 0.76342450 0.66811227 1.07973037 1.05031883 1.21487858 0.94886946 1.00824877 0.66520916
0.07490813 0.97048907 0.09328295 0.25199004 0.12660481 0.76502172 0.55409750 0.31624469 0.93789112 0.37387478 0.45350988 0.33851223 0.46494153 0.64480505 0.78866416 0.87433056 0.50996859 0.69344413 0.24119340 0.90658039 0.58120481 0.69425132 0.56552127 0.93530425 0.88242306 1.01229190 0.86281706 1.01355288 0.44644367
0.05519860 1.03474357 0.11201717 0.27115257 -0.03615171 0.88982277 0.59394882 0.25077695 0.96745301 0.29917000 0.40833243 0.51092587 0.49589597 0.64303962 0.91893379 0.96703205 0.46125777 0.69229086 0.39648499 0.86539138 0.62794607 0.75743293 0.67949869 1.09396698 1.07194652 1.24866439 0.94548177 0.96099068 0.73321700
0.04569345 1.03809631 0.09501901 0.23598984 -0.04820945 0.89337100 0.58883585 0.25458812 0.96726079 0.30159703 0.39492461 0.50332021 0.49349290 0.64711778 0.92163284 0.96122472 0.46429681 0.70099483 0.39512261 0.86395623 0.62806110 0.75829943 0.67875726 1.09188410 1.07313115 1.25025687 0.94814243 0.96774200 0.73844748
0.04832731 0.96189961 0.05232976 0.15763798 0.09700808 0.76635319 0.53093897 0.31685991 0.92398034 0.37405210 0.40785195 0.31168747 0.45278057 0.63991667 0.78132358 0.84809887 0.51091782 0.70359541 0.23141928 0.88765557 0.57674015 0.68469860 0.55543065 0.91806195 0.87273713 1.00304455 0.85455284 1.01313498 0.45260765
0.03444297 0.96536552 0.02466494 0.10207664 0.06888192 0.77096262 0.52279502 0.31806632 0.91979796 0.37146209 0.38346836 0.30717521 0.44810140 0.64656536 0.78796108 0.83656390 0.51049777 0.71425133 0.23580394 0.87928472 0.57137354 0.68408830 0.55389989 0.91508665 0.87530023 1.00902586 0.85820649 1.01846311 0.47028026
0.01542130 1.00508580 0.04963670 0.10428281 -0.09020357 0.89162076 0.54857673 0.22715255 0.93658257 0.28479449 0.31026393 0.46788610 0.47632846 0.62550838 0.89857929 0.91357500 0.45715568 0.69980907 0.37812299 0.81780392 0.60778740 0.72531568 0.64938315 1.06043222 1.04031058 1.23136779 0.91959456 0.95086787 0.74499643
0.05795233 1.02296458 0.01512245 0.12456041 0.00106532 0.79974358 0.56656407 0.31122839 0.95174332 0.34603462 0.40381907 0.39572296 0.47150869 0.71295280 0.86526100 0.86918038 0.50278625 0.74211931 0.30878244 0.89948688 0.54785365 0.71527717 0.58156194 0.97082512 0.92956137 1.09387280 0.91692383 1.05778220 0.56805318
0.17214911 0.97230897 0.24836561 0.60318407 0.26749797 0.73127552 0.62225171 0.31836549 0.96862483 0.38095230 0.62285719 0.40159273 0.49693837 0.64117741 0.77763346 0.94715316 0.50548785 0.63954035 0.24554737 0.96649629 0.59115043 0.70935819 0.58033872 0.96161780 0.87867147 0.99344913 0.86279577 0.99788356 0.36924254
0.07117620 0.83326884 0.16832808 0.30434380 0.27445242 0.69692594 0.48160976 0.27988359 0.86713746 0.38769307 0.42618558 0.20788945 0.43032099 0.50351528 0.62998324 0.81469712 0.50394167 0.60245478 0.11335106 0.84935684 0.59657189 0.60920723 0.49464282 0.83044376 0.75355044 0.84882229 0.73062625 0.90907696 0.25689783
0.07641037 1.07247788 0.04909057 0.22805868 0.02605118 0.82343856 0.60910365 0.34174124 0.99449301 0.36616526 0.47705799 0.43571995 0.49318732 0.74021787 0.90565161 0.92884630 0.51592740 0.75769294 0.33473616 0.95113553 0.58306841 0.76146267 0.62592002 1.02199365 0.98763339 1.14088702 0.96139680 1.08569018 0.58853915
0.05131666 0.92259450 0.08764625 0.22116885 0.17704238 0.73067643 0.51473078 0.33366464 0.90473309 0.39847331 0.43983081 0.25936861 0.43911121 0.59497246 0.72256289 0.83767065 0.51462514 0.67256769 0.17988060 0.88880433 0.59477103 0.66849540 0.53987765 0.87772259 0.83232349 0.92982885 0.81292300 0.98123532 0.36038838
0.05214906 1.03727063 0.08673280 0.23040206 -0.06268110 0.88363824 0.59043971 0.25074683 0.96139145 0.29255673 0.39330177 0.51308414 0.49186469 0.65906910 0.92552348 0.95064886 0.45822401 0.70093906 0.40332709 0.85868608 0.60788104 0.75245126 0.66997024 1.08434358 1.06312564 1.24635686 0.94807139 0.97014873 0.74396333
0.07156270 1.03686287 0.08829403 0.21728123 0.06940443 0.84843940 0.58749662 0.29370191 0.99711519 0.36212611 0.42865261 0.40050961 0.50168649 0.68544624 0.86895819 0.93385884 0.52704242 0.73900613 0.29461478 0.93428745 0.60949650 0.73573887 0.61153063 1.02710847 0.96785493 1.13795758 0.92992016 1.06663355 0.55797382
0.05369565 1.02149118 0.03281987 0.10514438 -0.11962093 0.86820464 0.57094216 0.21429247 0.94271331 0.26201989 0.32085898 0.50584219 0.48668962 0.68882444 0.92387313 0.89434632 0.45351770 0.71588539 0.40215149 0.82817922 0.53967441 0.71261208 0.61761422 1.04911025 1.00565258 1.22844560 0.93513723 0.99553489 0.75095182
0.06777458 1.00807409 0.06997796 0.16931985 -0.06852186 0.85882193 0.57393914 0.21359169 0.94531868 0.27156215 0.34737069 0.49316702 0.49008315 0.67000709 0.90148031 0.90410501 0.45849977 0.69984342 0.38070904 0.83820018 0.55147108 0.70771906 0.61329116 1.04359166 0.99115064 1.20557558 0.92078390 0.98662817 0.70744299
0.04371765 1.02472785 0.09500858 0.22745674 -0.05296138 0.88859860 0.58065696 0.24431808 0.95605133 0.29381177 0.38180751 0.50053845 0.48896863 0.63619248 0.91257637 0.95118116 0.45752047 0.69178208 0.39309620 0.84943729 0.62177644 0.74815578 0.67187790 1.08360052 1.06377383 1.24310574 0.93695609 0.95355019 0.73842923
0.03976887 1.00090778 0.01978761 0.05166032 -0.12430301 0.86707192 0.54985508 0.20078798 0.92907014 0.25843788 0.28290107 0.48009156 0.47903495 0.67027027 0.90454766 0.87376860 0.45340425 0.71196566 0.38444928 0.80837596 0.53663376 0.69501487 0.60221817 1.03224628 0.98579697 1.21253913 0.91629036 0.98528405 0.74013247
0.10196530 0.98198468 0.13313581 0.34619745 0.15309973 0.76515597 0.57904536 0.31603673 0.95337321 0.37310674 0.49998991 0.36867393 0.47800793 0.65275153 0.79952454 0.90203278 0.50899004 0.68501127 0.25397603 0.92669808 0.58513850 0.70555779 0.57712099 0.95500990 0.89488006 1.02528372 0.87393306 1.01607969 0.44454654
0.07518445 1.01935071 0.06639931 0.17161815 -0.09084207 0.86389597 0.58370555 0.20675608 0.94989879 0.26019748 0.34782440 0.51832646 0.49522721 0.68691299 0.92044417 0.90809208 0.45344706 0.70463854 0.40124795 0.83826633 0.53917528 0.71157881 0.61662631 1.05518159 1.00076177 1.22618079 0.93323538 0.99388263 0.73499407
0.18328908 0.95294722 0.28607941 0.66896536 0.29988870 0.72315263 0.62248906 0.30870445 0.96100822 0.37817594 0.64139954 0.40312199 0.49662797 0.61396695 0.75845626 0.95488639 0.49778687 0.61357481 0.23795290 0.96037226 0.59996130 0.70262690 0.58118141 0.95949658 0.87280093 0.98072767 0.84575816 0.96891601 0.34961589
0.10364239 1.03266239 0.08771406 0.24025899 -0.08510324 0.85573291 0.60778357 0.20598395 0.95990754 0.25250208 0.38615947 0.55350732 0.50539005 0.71044438 0.93693528 0.92180213 0.44871792 0.70191600 0.42110000 0.85345333 0.52257911 0.71783672 0.61869328 1.06570435 1.00334893 1.23539260 0.94627822 1.00416552 0.74036862
0.04558293 0.98854651 0.06187868 0.27043421 0.17905120 0.72539346 0.55033481 0.42623972 0.93376395 0.44472132 0.53351604 0.27510313 0.43844990 0.64968990 0.76664987 0.87280332 0.52957611 0.70995804 0.20490104 0.95083506 0.62407284 0.73108200 0.58841006 0.89726221 0.89090186 0.94315658 0.86709349 1.02303778 0.36909132
0.04091884 0.97073262 0.03633347 0.18008357 -0.00225076 0.76781407 0.54035902 0.31127808 0.89298819 0.33007361 0.41112350 0.39716266 0.43922702 0.64413449 0.82653062 0.85046054 0.45817746 0.68108927 0.31602408 0.84284817 0.55820072 0.70189322 0.59409909 0.94321076 0.93330044 1.06150155 0.87323091 0.95285691 0.57579960
0.08485947 0.93412924 0.13329829 0.31020200 0.18792243 0.74289896 0.54268953 0.30919845 0.92377929 0.38142472 0.46872044 0.30767685 0.45954509 0.60510705 0.74312954 0.86845326 0.50966442 0.66298161 0.20448361 0.90073409 0.58985181 0.67430357 0.54907316 0.91016174 0.84762191 0.96431664 0.82709363 0.98442710 0.38199207
0.05502996 0.92152887 0.08585964 0.21237356 0.15840059 0.73455952 0.51561660 0.31816961 0.90246364 0.38455113 0.42657864 0.27427444 0.44136110 0.59886008 0.73004667 0.83460775 0.50818384 0.67095906 0.19165922 0.87910256 0.58276198 0.66338514 0.53671112 0.88241292 0.83252158 0.94228436 0.81430678 0.97898602 0.38044702
0.16525756 0.98919451 0.24559103 0.61940864 0.28529440 0.73206125 0.62905266 0.35155567 0.97973518 0.40470657 0.65260915 0.39083493 0.49612982 0.64725309 0.78178708 0.96128101 0.51629707 0.65041942 0.23999380 0.98968417 0.61387419 0.72960450 0.59690870 0.96620118 0.89604689 0.99033070 0.87493172 1.00950199 0.35607305
0.13027206 0.86592655 0.25240359 0.53298782 0.35316227 0.68204986 0.54079264 0.31106326 0.90281269 0.40583540 0.56103957 0.26109754 0.45407876 0.52863863 0.64910772 0.87704988 0.50794874 0.58850207 0.13229635 0.91144825 0.61231878 0.64456675 0.52433780 0.86278119 0.77961945 0.85555553 0.75802674 0.92228353 0.22554966
0.05505132 0.97568917 0.05985151 0.23438466 0.01573245 0.76732935 0.55323972 0.31232015 0.90093798 0.33116005 0.43792661 0.41129434 0.44579432 0.64576599 0.83020698 0.86607002 0.45793347 0.67520045 0.32092524 0.85402157 0.56272456 0.70816042 0.60095084 0.95319188 0.93993834 1.06648359 0.87787785 0.95235810 0.57165465
0.08192879 1.08537282 0.05673758 0.24592522 0.03475960 0.83157338 0.61933992 0.34626898 1.00849537 0.37189583 0.49047816 0.44191705 0.50081153 0.74919753 0.91512388 0.94306911 0.52310743 0.76501880 0.33713125 0.96635748 0.59066397 0.77092342 0.63313504 1.03472399 0.99783706 1.15227986 0.97262181 1.09960875 0.58932263
0.09057594 0.91848294 0.14501385 0.33035522 0.20686597 0.72888161 0.53792239 0.30617026 0.91460645 0.38146184 0.47441680 0.29781546 0.45572903 0.59331844 0.72535402 0.86076544 0.50682381 0.65038199 0.19233545 0.89576640 0.58532580 0.66380646 0.53878289 0.89550793 0.82903245 0.94158486 0.81192841 0.97271222 0.35712957
0.04426510 1.22383457 0.08342684 0.20032624 0.00099006 1.04063960 0.67819969 0.32840274 1.15808327 0.40046201 0.45432991 0.50750289 0.58174631 0.77711248 1.05258665 1.11097201 0.59300811 0.86140360 0.39488853 1.05539151 0.74524222 0.88252461 0.76347173 1.24822369 1.20955648 1.41108781 1.10678086 1.20384297 0.76857479
0.04529243 0.97185672 0.04188183 0.19280581 0.00108872 0.76741187 0.54377164 0.31025001 0.89487110 0.32923474 0.41692215 0.40165916 0.44114237 0.64558383 0.82787149 0.85362114 0.45782657 0.67973233 0.31783049 0.84518466 0.55745488 0.70264236 0.59473581 0.94546353 0.93385919 1.06294300 0.87439644 0.95338519 0.57535955
0.09758750 1.06828455 0.07716305 0.27186104 0.04034972 0.82474147 0.61906617 0.31999332 1.00080397 0.35473823 0.48475021 0.45276462 0.50361931 0.74025616 0.90578929 0.93754789 0.51407622 0.74823654 0.33788159 0.95308146 0.57400907 0.75409011 0.61931044 1.03018943 0.97946664 1.14705124 0.95911447 1.08606582 0.58505714
0.07285144 0.84439384 0.18080772 0.35357228 0.30870355 0.68996532 0.49136855 0.31263361 0.87647419 0.41192436 0.47049576 0.19833983 0.42995148 0.50444378 0.62684893 0.83123072 0.51280492 0.60437533 0.10418688 0.87447923 0.61875694 0.62701500 0.50917742 0.83152227 0.76463337 0.83611635 0.73711774 0.91406590 0.22989520
0.06964845 0.91380702 0.11898569 0.27230197 0.19087966 0.73072890 0.52226351 0.31232826 0.90564952 0.38581307 0.44871344 0.27739782 0.44643791 0.58642087 0.71962088 0.84664037 0.50807164 0.65657760 0.18471809 0.88503337 0.58974789 0.66136562 0.53713939 0.88543467 0.82803065 0.93534060 0.80702075 0.96942231 0.36018577
0.13565111 1.08963866 0.12130150 0.39712336 0.07090007 0.81702672 0.65587320 0.33035388 1.02097447 0.35629643 0.55663353 0.49546348 0.51911621 0.76327605 0.92474332 0.97077881 0.51253078 0.74184447 0.35867829 0.98495434 0.57171759 0.77229324 0.63373675 1.05138412 0.99418203 1.15909908 0.97856162 1.09667175 0.58093140
0.05469866 1.06051262 0.01891263 0.14408718 0.00832675 0.82708878 0.58673568 0.33501207 0.98413947 0.36608395 0.43099230 0.40656419 0.48480417 0.73103029 0.89387838 0.90592337 0.51985767 0.76533295 0.31902913 0.93428102 0.58042272 0.74843372 0.61247323 1.00653996 0.97297464 1.13057233 0.94994807 1.08665508 0.58598177
0.06608288 0.87309095 0.13178788 0.28083565 0.23859266 0.70026371 0.49845379 0.31447608 0.88126737 0.39726313 0.44712726 0.22811197 0.43137717 0.54900540 0.66768421 0.82156495 0.50842108 0.63270415 0.14037261 0.87177193 0.59141627 0.63632178 0.51223543 0.84271445 0.78206050 0.87137946 0.76593637 0.94255376 0.28973231
0.03763359 1.22134142 0.07636369 0.18272706 -0.00099315 1.04092549 0.67266746 0.33043473 1.15539950 0.40290209 0.44636768 0.49870433 0.57881519 0.77354489 1.04890606 1.10648276 0.59427779 0.86298617 0.39016446 1.05251385 0.74767076 0.88117755 0.76225208 1.24418918 1.20783367 1.40719334 1.10407237 1.20281943 0.76618531
0.02469358 1.03010429 0.04839104 0.11906258 -0.09137557 0.89904306 0.56619107 0.23831243 0.95620086 0.29088208 0.33092431 0.48328350 0.48633409 0.65250167 0.92021453 0.92897264 0.46594323 0.71652580 0.38921043 0.84102907 0.60777777 0.74044708 0.65778117 1.07621654 1.05413624 1.24880507 0.94164153 0.97892012 0.75358380
0.04276197 1.22327255 0.08145839 0.19557553 -0.00000650 1.04069228 0.67688570 0.32863152 1.15738747 0.40076477 0.45208550 0.50565335 0.58107072 0.77655787 1.05190140 1.10967933 0.59321636 0.86188266 0.39399032 1.05453744 0.74537538 0.88205525 0.76298161 1.24722456 1.20899328 1.41030636 1.10619836 1.20375721 0.76836092
0.08031388 1.01657772 0.07035261 0.21712248 0.05981270 0.80250673 0.57936456 0.30248027 0.96622497 0.35338937 0.43835456 0.39667535 0.48428742 0.69453225 0.85127126 0.89587766 0.51017655 0.72556011 0.29343506 0.91721163 0.56751444 0.71608515 0.58515461 0.98304349 0.92709970 1.08929229 0.91010983 1.05249234 0.53328115
0.04425004 1.22382484 0.08340757 0.20027350 0.00097767 1.04064058 0.67818407 0.32839870 1.15807392 0.40046123 0.45430029 0.50748428 0.58173935 0.77710389 1.05257772 1.11095622 0.59300860 0.86140615 0.39487906 1.05537806 0.74524083 0.88251580 0.76346376 1.24821251 1.20954748 1.41107996 1.10677183 1.20383912 0.76857410
0.03917881 1.02766004 0.09046467 0.21577773 -0.05151935 0.89226617 0.57917350 0.24829083 0.95925525 0.29877401 0.37885028 0.49378857 0.48917711 0.63667198 0.91278228 0.95222265 0.46205277 0.69684073 0.38903806 0.85296270 0.62713439 0.75058478 0.67329473 1.08456470 1.06588206 1.24369448 0.93892135 0.95890351 0.73606693
0.04828398 1.03035865 0.10154603 0.23881605 -0.04259833 0.89230192 0.58598421 0.24575031 0.96477259 0.29818087 0.38936068 0.50054912 0.49397091 0.64040454 0.91493847 0.95867208 0.46343278 0.69572045 0.39034582 0.85937085 0.62585973 0.75159613 0.67319421 1.08901576 1.06529527 1.24594517 0.94138100 0.96320416 0.73227155
0.06497684 0.90269692 0.11496851 0.26252479 0.20677009 0.71858449 0.51273057 0.32018128 0.89812237 0.39471784 0.44791518 0.25370494 0.43973242 0.57795410 0.70168615 0.83506854 0.51160117 0.65386879 0.16599809 0.88399622 0.59048482 0.65430028 0.52744863 0.86700177 0.81046104 0.90886244 0.79448271 0.96667496 0.33112753
0.07581531 0.92875691 0.11944146 0.28271446 0.17888042 0.73873784 0.53391709 0.31204421 0.91543013 0.38176918 0.45668771 0.29783604 0.45303739 0.60179095 0.73801139 0.85725992 0.50777614 0.66357730 0.20091002 0.89262162 0.58716384 0.67038871 0.54523649 0.90043790 0.84249006 0.95608941 0.82188620 0.97996149 0.38130410
0.06025153 1.03517381 0.12438789 0.29475353 -0.02616577 0.89134424 0.59827379 0.24952035 0.97086672 0.29985122 0.41790060 0.51521340 0.49888113 0.63997592 0.91870420 0.97471286 0.46149644 0.68847152 0.39682172 0.86921889 0.63270723 0.75958685 0.68295682 1.09910355 1.07530444 1.25123288 0.94601118 0.95866953 0.73064241
0.02403155 0.95365778 0.00092647 0.09131022 -0.04021728 0.76455800 0.51741894 0.29377635 0.87288277 0.31525754 0.35721649 0.38255363 0.42838399 0.63981801 0.81844188 0.81720968 0.45114235 0.68324939 0.31271495 0.81281849 0.53633922 0.68118548 0.57402145 0.92300180 0.91234883 1.05274565 0.85914226 0.94619348 0.58842664
0.08487349 0.91779191 0.13831685 0.31663448 0.20254440 0.72938141 0.53418364 0.30879474 0.91227599 0.38294031 0.46895609 0.29305713 0.45313651 0.59150187 0.72433533 0.85771653 0.50689487 0.65190273 0.19100895 0.89324666 0.58721759 0.66403412 0.53940725 0.89334282 0.83004631 0.94041820 0.81113898 0.97133177 0.35866065
0.07918099 0.89880027 0.13345584 0.29789273 0.19271661 0.72104060 0.52085456 0.29748662 0.89428602 0.37295482 0.44927810 0.28695445 0.44458064 0.57630607 0.71116174 0.84092368 0.49672671 0.63969517 0.18810015 0.87147639 0.57810913 0.65010194 0.52990416 0.87913330 0.81693778 0.92821403 0.79504979 0.95039518 0.35913559
0.03233458 1.12222782 0.08609358 0.25813529 -0.06715855 0.95195473 0.63103158 0.30563219 1.02762080 0.33360952 0.44436840 0.54350066 0.51671729 0.69229720 0.99582579 1.03366289 0.48906036 0.75106701 0.43759453 0.92558496 0.68834439 0.83211208 0.75093730 1.17058951 1.17799056 1.34206664 1.02462037 1.02048554 0.80988871
0.03608876 0.89142803 0.05619314 0.12051775 0.13003252 0.72893224 0.48463609 0.29304986 0.87622002 0.36883328 0.36321121 0.24818372 0.42804867 0.58017455 0.70848305 0.79584499 0.50055342 0.66538718 0.17743207 0.84129446 0.56278894 0.63389279 0.51015431 0.85489244 0.80111726 0.92288836 0.78820368 0.96245857 0.38062044
0.05523767 1.06283032 0.02441544 0.15934055 0.01543189 0.82730654 0.58948865 0.34066610 0.98629145 0.37021201 0.44115748 0.40717315 0.48521045 0.72924321 0.89406280 0.91176461 0.52063338 0.76412581 0.31894295 0.93882476 0.58706676 0.75311453 0.61781514 1.00939894 0.97841873 1.13095822 0.95167902 1.08499064 0.58347741
0.05088135 1.04905673 0.02332631 0.14759088 0.02550658 0.81962025 0.57901153 0.33907645 0.97763775 0.37274516 0.43223718 0.38892636 0.47977060 0.71700098 0.87753467 0.90080781 0.52116866 0.75842288 0.30408286 0.93177534 0.58667051 0.74345091 0.60826926 0.99502889 0.96281883 1.11171370 0.93802671 1.07736885 0.56379239
0.09148235 0.90457444 0.15121239 0.32165228 0.20466573 0.73087957 0.53062876 0.28592256 0.90798491 0.37059205 0.45458206 0.29670381 0.45578943 0.58078160 0.71702184 0.85426892 0.50239588 0.64148237 0.18905077 0.88145771 0.57981260 0.65118904 0.53010213 0.89286238 0.81895756 0.94102355 0.80084389 0.96168601 0.35868043
