0.05732051 1.49660520 0.15274543 0.26997289 0.12245525 0.69267967 0.52800746 0.41735454 1.04381977 0.30075272 0.35019921 0.30947270 0.58943109 0.51711481 1.36441899 1.13798669 0.53696195 0.65770649 0.43106980 1.08306083 0.74689081 0.94419438 1.65299378 0.96119126 0.94706975 1.08172959 1.04802735 1.09978034 0.56782298
0.01954822 1.71780606 0.06249139 0.16095848 -0.03539989 0.88836990 0.38946455 0.53576984 1.19291998 0.38586588 0.48869607 0.39321810 0.50723021 0.63627303 1.57548547 1.50152932 0.75547725 0.84784762 0.42227434 1.31133785 1.04002022 0.89217929 1.93805855 1.24016885 1.13165175 1.23570513 1.44902847 1.31258960 0.81141281
0.05749754 1.49715284 0.15268903 0.27040122 0.12250410 0.69282171 0.52840303 0.41679373 1.04431593 0.30116476 0.35102861 0.30983238 0.58959650 0.51718223 1.36487565 1.13824836 0.53693587 0.65809360 0.43104861 1.08348055 0.74671497 0.94438923 1.65310717 0.96169435 0.94689146 1.08169007 1.04811904 1.10006652 0.56785076
0.03996471 1.44924939 0.10734178 0.19373663 0.13002142 0.62002372 0.50082464 0.30103280 0.95115819 0.30564132 0.43259482 0.25925733 0.50236910 0.47192759 1.29694644 1.05462047 0.48706314 0.63765528 0.35743541 0.96524623 0.68754536 0.82599098 1.46319632 0.95054136 0.77882293 0.93442974 0.90503458 1.03238524 0.51281374
0.04295085 1.44409066 0.10376528 0.19816806 0.13396881 0.61385769 0.50516312 0.27974154 0.94761154 0.31137254 0.45060408 0.26213724 0.49716291 0.46505685 1.28980635 1.04429567 0.47830241 0.63820263 0.34893211 0.95735205 0.67268314 0.81781115 1.44134846 0.94923204 0.75843174 0.91811925 0.88942855 1.02543087 0.50471485
0.07890113 1.40299357 0.10691553 0.28359375 0.18291148 0.73111699 0.50363110 0.29948794 1.01037145 0.34700696 0.51232643 0.38334774 0.48226267 0.43328129 1.25676174 1.11752109 0.51968420 0.68595585 0.30187294 1.02050209 0.68343871 0.84398282 1.51235351 0.91485635 0.83608198 1.01774394 1.04800160 1.07960097 0.57162381
0.04865004 1.46572256 0.12219974 0.22427997 0.13959079 0.65887060 0.51224749 0.34002657 0.98823739 0.30827426 0.41723314 0.28754533 0.52750149 0.48197773 1.31828907 1.09163908 0.50876441 0.65136439 0.37333096 1.00802014 0.71026730 0.86850925 1.53386567 0.95157972 0.84029956 0.99553040 0.96788120 1.06473769 0.53888556
0.03666145 1.45269192 0.11916564 0.19876774 0.10178221 0.64611362 0.48057619 0.37278857 0.97262060 0.29232435 0.37201116 0.26685910 0.52333505 0.49652115 1.31405329 1.09408239 0.51823939 0.63848433 0.38949356 1.00818216 0.73210640 0.85300652 1.54107473 0.95368688 0.85780516 0.99130142 0.97641074 1.05093391 0.54476679
0.01581923 1.43737622 0.09165611 0.15538323 -0.01813144 0.77698613 0.33174115 0.55831724 1.02201364 0.28799045 0.29796200 0.33021427 0.47615147 0.55266984 1.33325816 1.28210170 0.65907386 0.69171356 0.40244864 1.13466439 0.91370050 0.82126323 1.73432509 1.00289435 1.06192610 1.13440617 1.28056215 1.12452954 0.70374660
0.03797786 1.43873906 0.10364005 0.18406320 0.14053182 0.62419724 0.49458501 0.29914798 0.94094681 0.30374111 0.43868032 0.25894784 0.48851817 0.46283972 1.28408034 1.05191292 0.48773634 0.63661018 0.34358981 0.95150371 0.68816688 0.81512712 1.45134494 0.94088152 0.77093213 0.93231143 0.90405202 1.03133644 0.51447098
0.09160222 1.40380534 0.11286970 0.32151413 0.17473693 0.73419607 0.51816857 0.28895672 1.03326539 0.35878644 0.52033903 0.40537057 0.50215464 0.43732907 1.26309591 1.11960339 0.51475509 0.69179783 0.31351928 1.04643068 0.66708712 0.86130836 1.52313894 0.91948133 0.84547355 1.02209273 1.05831990 1.07923531 0.56933015
0.03972670 1.45923809 0.10802672 0.19375571 0.13074846 0.62427874 0.50353711 0.30427826 0.95707460 0.30712277 0.43443727 0.26020237 0.50544793 0.47537707 1.30587023 1.06211373 0.49085920 0.64174903 0.35997881 0.97142220 0.69329618 0.83136910 1.47368198 0.95697963 0.78467961 0.94120446 0.91148522 1.03958541 0.51666587
0.07884190 1.28220417 0.10851974 0.28410902 0.16483199 0.70069481 0.45845526 0.31308913 0.95033990 0.31690479 0.44612958 0.37592745 0.45763564 0.40450612 1.15681927 1.05220142 0.49532872 0.63516036 0.28941948 0.96924560 0.64541290 0.79952230 1.43939708 0.83191314 0.82050717 0.97991299 1.01820261 1.00719361 0.54711593
0.02742520 1.46789310 0.12727266 0.17856636 0.11252977 0.66418591 0.47511981 0.41963437 0.97440114 0.27677737 0.33778771 0.25568525 0.52832998 0.50495799 1.32818527 1.11547684 0.53791028 0.63731718 0.39860213 1.01266522 0.76786180 0.87140766 1.58638417 0.95060768 0.89726471 1.03179634 1.00496725 1.07257740 0.56265179
0.09069277 1.40378583 0.11296548 0.31940469 0.17380547 0.73306580 0.51715549 0.29070594 1.03193860 0.35749947 0.51761524 0.40328071 0.50211170 0.43796637 1.26319040 1.11911606 0.51492595 0.69075430 0.31439223 1.04547617 0.66822237 0.86091108 1.52329300 0.91934625 0.84588512 1.02183989 1.05737555 1.07864149 0.56910954
0.03904800 1.44622358 0.10954168 0.19206581 0.13250900 0.61734627 0.50142043 0.30464449 0.94750103 0.30174625 0.42485333 0.25526208 0.50390670 0.47110231 1.29423244 1.04987708 0.48526100 0.63337647 0.35899125 0.96094352 0.68661336 0.82775751 1.46219218 0.94523183 0.77950230 0.93497329 0.90018540 1.02989098 0.51014809
0.08877215 1.37572879 0.10947751 0.31096742 0.17590320 0.72323652 0.50628867 0.28433057 1.01095425 0.35128967 0.51277762 0.39746644 0.48780218 0.42641725 1.23644207 1.09951656 0.50656928 0.67924297 0.30277236 1.02258470 0.65681682 0.84209797 1.49277388 0.89979333 0.82830290 1.00410848 1.03987409 1.06046989 0.56046966
0.08580161 1.63353622 0.12593463 0.28316604 0.36662220 0.79890059 0.66272561 0.23460564 1.09785093 0.39275821 0.67799031 0.38721477 0.52414377 0.42919547 1.41764266 1.18547142 0.52986810 0.76799827 0.27398974 1.03472341 0.70929934 0.96437935 1.60551919 1.00146373 0.81138168 1.10514688 1.02190563 1.23352889 0.58071845
0.08601081 1.34442511 0.11628503 0.31072008 0.15711324 0.71243778 0.48942030 0.31227487 0.99744907 0.33438937 0.46370023 0.38859804 0.49379919 0.42970660 1.21623359 1.08572059 0.50500551 0.65916524 0.31746790 1.01908253 0.65738832 0.84084011 1.49443537 0.87755585 0.84689250 1.00589320 1.04125534 1.04013115 0.55680118
0.01457596 1.72680960 0.05936968 0.14363404 -0.02093820 0.88864187 0.39125852 0.53143516 1.18481209 0.38405210 0.49844145 0.38369304 0.49765882 0.63179074 1.57776246 1.50082552 0.75587263 0.84921114 0.41229726 1.29680122 1.04490259 0.88695286 1.93070135 1.24145585 1.11976233 1.23313255 1.43833216 1.31828426 0.81072916
0.07280549 1.55803281 0.10300660 0.26284450 0.22126648 0.76735505 0.56015531 0.28208164 1.07271344 0.37898066 0.59744302 0.37961433 0.50297008 0.46353998 1.37960184 1.19437930 0.54948272 0.74670910 0.30776246 1.06534311 0.73569216 0.89375176 1.59417573 1.01421710 0.84420663 1.06243255 1.07136294 1.17279028 0.59991725
0.07790228 1.09179871 0.10433489 0.27902501 0.13590916 0.66420505 0.37821990 0.33385342 0.85711601 0.27434700 0.35610933 0.37173440 0.40629638 0.35699659 0.99786065 0.96209525 0.46526313 0.56354240 0.25912727 0.89083405 0.59433579 0.71943730 1.32597937 0.70633175 0.79666169 0.92344836 0.98813222 0.90008223 0.51925771
0.08783201 1.37724362 0.11192720 0.31075903 0.17284166 0.72624048 0.50425199 0.29580934 1.01352682 0.34833042 0.50209457 0.39687741 0.49179347 0.43025851 1.23968134 1.10443630 0.51076410 0.67852596 0.30830171 1.02790606 0.66360897 0.84726230 1.50472050 0.89981291 0.84005565 1.01290349 1.04856083 1.06331401 0.56439467
0.07854875 1.13177996 0.10299327 0.28117652 0.13691950 0.68355011 0.38765773 0.33778022 0.88297718 0.28599366 0.37706455 0.38131324 0.41362179 0.36917868 1.03287262 0.99514465 0.48086041 0.58489408 0.26388328 0.91756017 0.61516323 0.73501660 1.36253927 0.73672599 0.81406385 0.94570851 1.01686179 0.92958394 0.53647638
0.08955647 1.39759660 0.10735941 0.31916974 0.14308808 0.73207240 0.49895533 0.29840794 1.03514657 0.35973255 0.50998257 0.40720546 0.49967643 0.44774695 1.26380100 1.12971461 0.52241728 0.69310523 0.32191266 1.06055708 0.67680135 0.84985470 1.52908173 0.93053482 0.85603598 1.01751727 1.07601517 1.07326052 0.57747423
0.02796964 1.45290517 0.09960449 0.15690074 0.13720933 0.61807722 0.48747641 0.30667529 0.93131151 0.29742377 0.43251928 0.23957714 0.48168668 0.46855337 1.29414821 1.05560019 0.49256411 0.63550093 0.34451655 0.94211200 0.70377321 0.80767547 1.45216847 0.95126541 0.76687898 0.92843918 0.89600298 1.03502839 0.51615505
0.09028394 1.40185930 0.11286235 0.31795706 0.17514054 0.73250589 0.51653421 0.29069356 1.02985306 0.35657995 0.51692896 0.40227157 0.50079558 0.43678030 1.26107943 1.11746764 0.51435120 0.68966656 0.31316197 1.04287653 0.66772224 0.85969537 1.52106888 0.91732035 0.84453067 1.02098984 1.05565166 1.07761210 0.56843288
0.03353691 1.41243985 0.11132467 0.18208064 0.11118487 0.60156938 0.47900675 0.32572813 0.92625286 0.28501384 0.38170619 0.24136196 0.50103136 0.47233939 1.27002201 1.03260996 0.48217049 0.61267334 0.36786731 0.94902441 0.68648176 0.81478803 1.45061264 0.92481724 0.78622187 0.92543566 0.89346360 1.00524810 0.50451583
0.04188848 1.43910931 0.10376335 0.20162696 0.10314597 0.61633554 0.48838638 0.30208491 0.95495339 0.30912371 0.42733316 0.26590097 0.50325511 0.47871699 1.29392273 1.05829824 0.48909057 0.63813565 0.36478458 0.97884534 0.68679789 0.81773067 1.46307214 0.95706602 0.78442665 0.92684379 0.91664842 1.02330415 0.51589976
0.03879745 1.45035562 0.10543678 0.18975320 0.12945958 0.62071262 0.49848448 0.30050409 0.94991689 0.30604809 0.43525411 0.25837694 0.49903807 0.47185581 1.29729233 1.05651625 0.48848378 0.63890463 0.35525887 0.96404448 0.68994217 0.82267969 1.46202805 0.95255365 0.77715557 0.93327982 0.90596627 1.03335752 0.51431357
0.07682456 1.10039683 0.10598240 0.27677603 0.13952759 0.66518934 0.38222419 0.33675120 0.85937825 0.27349186 0.35496484 0.36880327 0.40953912 0.35912807 1.00483222 0.96473691 0.46659157 0.56462088 0.26158314 0.89194908 0.59806358 0.72488065 1.33262994 0.70948626 0.79947466 0.92807880 0.98770247 0.90499845 0.51986349
0.08715881 1.37711794 0.11168683 0.30883839 0.17304228 0.72602238 0.50340916 0.29661415 1.01235555 0.34762237 0.50129570 0.39568576 0.49090366 0.43016635 1.23936061 1.10433052 0.51105338 0.67812510 0.30791112 1.02668677 0.66452825 0.84644954 1.50434745 0.89953801 0.83981799 1.01276533 1.04813057 1.06325509 0.56452846
0.08464184 1.09083748 0.10361968 0.29486228 0.13985635 0.65491494 0.39171232 0.30558432 0.86002946 0.28345997 0.37745625 0.37791525 0.40979904 0.35153877 0.99534730 0.94850786 0.45181463 0.56476055 0.25563219 0.88846341 0.57137621 0.71881843 1.30468935 0.70743985 0.77469835 0.90540881 0.96719808 0.89232815 0.50637429
0.03769275 1.49682227 0.14330294 0.21095810 0.13655127 0.68734439 0.50690010 0.43143101 1.00829617 0.28308658 0.34014752 0.27493357 0.55844300 0.51040242 1.35534482 1.13410157 0.54381538 0.64906569 0.41229153 1.04194488 0.77127230 0.91732583 1.63481279 0.95473423 0.93027379 1.07380675 1.02982056 1.10066505 0.57050740
0.08901109 1.38079879 0.11237540 0.31401222 0.17364531 0.72736844 0.50730385 0.29374168 1.01700950 0.35032973 0.50551854 0.39900487 0.49396953 0.43093590 1.24284641 1.10604893 0.51069239 0.68051404 0.30908109 1.03095202 0.66277409 0.84998517 1.50699361 0.90227385 0.84047731 1.01408368 1.04953597 1.06540106 0.56457126
0.07535018 1.51731834 0.11674482 0.29226451 0.14259004 0.75421155 0.52624405 0.34347686 1.08266281 0.36131005 0.50247227 0.38398799 0.53765246 0.49445974 1.37011150 1.19745201 0.55861154 0.72387783 0.36331572 1.11157567 0.74623893 0.90649994 1.63716487 1.00508460 0.91204752 1.07814194 1.11459246 1.14278779 0.60744065
0.05885942 1.57853184 0.09060138 0.22591291 0.18481723 0.68616655 0.56651141 0.22451451 1.03706686 0.37578278 0.60354528 0.31905764 0.50334176 0.47550768 1.39334231 1.13949802 0.51093428 0.72594154 0.32336039 1.02578874 0.70229760 0.85975750 1.51390284 1.04584717 0.76031703 0.96807498 0.95591990 1.12843737 0.54841215
0.09226455 1.37195200 0.11322275 0.32391002 0.16737416 0.72787573 0.50533026 0.29380735 1.01983284 0.35184354 0.50281836 0.40586085 0.49648891 0.43090250 1.23761250 1.10498490 0.50973186 0.67962908 0.31132841 1.03661957 0.65809910 0.85021754 1.50695717 0.89897818 0.84441512 1.01386915 1.05501924 1.06094084 0.56469184
0.04011286 1.46411741 0.13034368 0.21526911 0.10113395 0.66855726 0.48462977 0.40720504 0.99577597 0.29002587 0.34953428 0.28020087 0.54309993 0.50771005 1.33051147 1.11894279 0.53417228 0.64436406 0.40658910 1.03819613 0.75182093 0.88245838 1.59316289 0.95537563 0.90460985 1.03324626 1.01876194 1.07064455 0.56236994
0.01270924 1.43083506 0.08983440 0.14526305 -0.01415914 0.77435602 0.32690258 0.55886349 1.01204426 0.28389091 0.29553928 0.32408677 0.46851845 0.54850888 1.32548807 1.27670593 0.65794053 0.68771515 0.39668441 1.12298646 0.91425385 0.81368856 1.72472982 0.99662551 1.05546710 1.12980264 1.27366275 1.12076931 0.70198203
0.04220420 1.50638331 0.14648124 0.22408977 0.14003903 0.69158238 0.51765697 0.42728906 1.02018894 0.28849919 0.34751403 0.28268175 0.56768073 0.51243782 1.36446249 1.13847647 0.54331399 0.65423079 0.41630067 1.05262646 0.76788029 0.92885910 1.64437052 0.95989973 0.93471951 1.08022545 1.03409546 1.10702586 0.57084110
0.07441387 1.40373029 0.10511022 0.27052381 0.18507997 0.72869235 0.49935123 0.30265842 1.00251805 0.34281735 0.50898137 0.37473981 0.47641226 0.43251919 1.25557102 1.11604128 0.52074429 0.68356519 0.29895479 1.01161296 0.68858643 0.83853427 1.50839965 0.91399873 0.83226971 1.01534574 1.04266972 1.07928107 0.57149128
0.07216909 1.28292770 0.09711363 0.26031399 0.16719496 0.73280174 0.43250090 0.33475998 0.95054009 0.31862270 0.45797972 0.38630102 0.43022252 0.40242560 1.15501175 1.08762001 0.52212766 0.65062401 0.26929483 0.97362845 0.68065088 0.78271246 1.46014953 0.83794047 0.83969224 1.00357494 1.06769211 1.02898708 0.57842739
0.09334892 1.52155199 0.12503558 0.34596840 0.13162225 0.76321473 0.54634431 0.33165141 1.11816112 0.37890337 0.51515781 0.41753691 0.56567330 0.50119302 1.38192002 1.20596422 0.55501946 0.73489824 0.37954548 1.15189618 0.72730813 0.93271843 1.65872076 1.01382805 0.93002339 1.08952246 1.13640534 1.14663386 0.60812607
0.06001953 1.50170416 0.15467074 0.27808565 0.12351108 0.69763740 0.53273199 0.41797048 1.05200980 0.30386038 0.35318106 0.31560612 0.59472711 0.51889934 1.36985700 1.14329188 0.53868103 0.66148462 0.43371402 1.09153505 0.74724422 0.95142948 1.66212395 0.96423866 0.95341608 1.08853258 1.05551963 1.10483814 0.57039200
0.08471087 1.08592877 0.10541707 0.29545722 0.14256512 0.65599113 0.39106028 0.31001613 0.85816601 0.28080817 0.37165947 0.37791730 0.41018150 0.34993199 0.99124894 0.94657933 0.45173919 0.56214370 0.25557142 0.88646690 0.57126793 0.72033853 1.30572139 0.70145485 0.77794374 0.90865997 0.96824575 0.89123597 0.50632038
0.09407640 1.50673248 0.11326856 0.33067062 0.17851512 0.75754794 0.55701204 0.27893689 1.09086069 0.38615756 0.57117867 0.41518981 0.53118406 0.46735833 1.35195299 1.17650941 0.53507928 0.73501384 0.33311799 1.10089962 0.69734953 0.90350553 1.59120145 0.99428387 0.86522887 1.05427697 1.08790154 1.13819685 0.58981246
0.02669243 1.46365240 0.12373166 0.17484347 0.11059580 0.66493980 0.46978644 0.41677978 0.97122764 0.27794045 0.34269892 0.25672294 0.52153094 0.50294102 1.32377724 1.11619567 0.53887186 0.63838786 0.39347295 1.00989886 0.76841741 0.86361248 1.58031459 0.95070190 0.89298262 1.02760105 1.00646017 1.07098253 0.56427073
0.08693559 1.37502054 0.11159381 0.30826489 0.17243097 0.72548873 0.50217406 0.29727446 1.01107459 0.34691626 0.49979328 0.39525931 0.49022380 0.42980341 1.23764166 1.10339948 0.51087120 0.67719488 0.30770923 1.02569707 0.66434360 0.84538305 1.50320833 0.89821084 0.83971712 1.01213905 1.04782565 1.06201406 0.56430859
0.06998157 1.08335153 0.09797128 0.25086607 0.15301653 0.65016698 0.37463178 0.31881347 0.82944230 0.26720125 0.36410672 0.35132357 0.38585286 0.34376997 0.98184088 0.94094962 0.45537385 0.55438288 0.24055370 0.85326819 0.58744429 0.69824231 1.28806723 0.69491207 0.76260746 0.89986761 0.95158237 0.88950259 0.50673433
0.08840998 1.37514718 0.11072216 0.31176096 0.17137088 0.72646082 0.50290986 0.29343602 1.01347596 0.34966654 0.50492059 0.39876330 0.49007982 0.42952081 1.23790002 1.10448807 0.51058144 0.67925188 0.30675421 1.02819285 0.66234664 0.84477784 1.50217901 0.90003673 0.83833901 1.01086183 1.04940241 1.06223987 0.56466498
0.03918958 1.45209157 0.10517765 0.19060069 0.12965612 0.62020173 0.49992002 0.29800484 0.95082678 0.30719137 0.43792236 0.25872425 0.49945853 0.47195576 1.29859579 1.05640970 0.48781247 0.63973376 0.35515785 0.96449893 0.68882483 0.82289904 1.46116542 0.95410954 0.77541452 0.93204783 0.90459669 1.03367085 0.51365360
0.07624389 1.25760950 0.11215847 0.28154628 0.15094942 0.68931223 0.44553664 0.32921731 0.93706477 0.30451903 0.41241627 0.36717206 0.45962197 0.40554412 1.13975730 1.03835033 0.49186623 0.61928029 0.29825602 0.96243895 0.64311854 0.79474578 1.43353547 0.81520842 0.82787507 0.97542282 1.01300837 0.98931982 0.54177759
0.03870661 1.45163057 0.10583845 0.18944277 0.13119689 0.62064555 0.49980034 0.30026189 0.94992397 0.30586050 0.43554698 0.25773086 0.49950066 0.47165164 1.29805171 1.05615135 0.48816144 0.63886534 0.35520165 0.96335452 0.68982856 0.82368853 1.46223516 0.95246255 0.77673112 0.93370916 0.90472394 1.03401850 0.51384051
0.04191668 1.45376097 0.10655574 0.19877501 0.12838091 0.62224615 0.50331641 0.29666767 0.95686557 0.30999643 0.44008284 0.26402133 0.50399154 0.47323031 1.30126450 1.05857506 0.48773785 0.64187576 0.35775717 0.97122461 0.68662663 0.82755487 1.46568764 0.95595027 0.77889250 0.93475700 0.90877073 1.03517029 0.51426174
0.01463585 1.70147450 0.06250040 0.14671210 -0.03067160 0.87695180 0.38298843 0.53792441 1.17301265 0.37538564 0.47447552 0.37901105 0.49932447 0.62956391 1.55894333 1.48386378 0.74880246 0.83493669 0.41759721 1.28897476 1.03542798 0.88189843 1.91826631 1.22414273 1.12016888 1.22455198 1.42864645 1.29951821 0.80249652
0.07994438 1.08895538 0.10503281 0.28971436 0.11041923 0.66037827 0.37146347 0.34087093 0.86534250 0.27594759 0.34345079 0.37622508 0.41568459 0.36760501 1.00227498 0.96708849 0.46770195 0.56324863 0.27372331 0.90897763 0.59573656 0.72121904 1.33628792 0.71437902 0.80970423 0.92275621 1.00002184 0.89447038 0.52180338
0.08177100 1.29379797 0.10950577 0.29410750 0.15765585 0.70594287 0.46247605 0.31418776 0.96413906 0.32274738 0.45047215 0.38358780 0.46590771 0.41149925 1.16964399 1.06349302 0.49959646 0.64238158 0.29666007 0.98618475 0.64901459 0.80799277 1.45486459 0.84371586 0.83059171 0.98725106 1.03120039 1.01459375 0.55230409
0.06766015 1.10686854 0.10328400 0.25328139 0.13293443 0.67102546 0.36699953 0.36029840 0.85394411 0.26546449 0.33921132 0.35786789 0.40209386 0.36587464 1.01093026 0.97893835 0.48008542 0.56497947 0.26335964 0.89140474 0.62298641 0.71986907 1.34891416 0.71499021 0.81422730 0.93946453 1.00334937 0.91292545 0.53210340
0.01177621 1.41614049 0.08932249 0.14463278 -0.02694557 0.76839603 0.31670635 0.56460372 1.00574219 0.27970602 0.28156057 0.32196419 0.46714317 0.54964685 1.31559493 1.27123659 0.65687278 0.68110887 0.40030986 1.12175560 0.91280723 0.80678149 1.71928828 0.99074319 1.05780658 1.12405489 1.27378636 1.10999570 0.70052820
0.09170582 1.40128875 0.11472413 0.32361535 0.17052432 0.73079687 0.51780095 0.29212782 1.03288403 0.35670925 0.51241204 0.40365611 0.50601656 0.43924881 1.26247037 1.11679306 0.51342100 0.68866437 0.31832591 1.04774539 0.66579936 0.86331937 1.52426525 0.91782789 0.84828760 1.02163068 1.05660276 1.07583632 0.56736441
0.08701065 1.07542003 0.10134079 0.30482964 0.11133710 0.64947853 0.37823217 0.30878072 0.86232469 0.28514297 0.36649497 0.38440367 0.41210807 0.35799069 0.98864281 0.94898671 0.45250135 0.56230922 0.26471628 0.90146502 0.56856501 0.71094141 1.30350080 0.70990197 0.78186437 0.89745086 0.97787369 0.87977191 0.50797024
0.10472929 1.39918211 0.12274546 0.36092470 0.17509799 0.73345945 0.53759895 0.27877555 1.05137699 0.36629121 0.52154456 0.42379242 0.52487355 0.43745544 1.26370826 1.11181459 0.50453225 0.69152879 0.32530567 1.06445437 0.64449717 0.88262472 1.52893717 0.91392703 0.85228361 1.02613290 1.05806331 1.07482616 0.56083041
0.08868579 1.40271987 0.11227922 0.31347733 0.17537294 0.73225720 0.51481182 0.29267812 1.02777329 0.35518830 0.51541923 0.39955173 0.49904498 0.43703399 1.26138673 1.11799369 0.51536979 0.68921051 0.31259187 1.04077170 0.67039630 0.85821567 1.52113126 0.91762186 0.84439076 1.02107638 1.05518133 1.07812757 0.56908222
0.01960334 1.71670920 0.06265724 0.16102006 -0.03466516 0.88837896 0.38942195 0.53588182 1.19233199 0.38552798 0.48827177 0.39323204 0.50697924 0.63568534 1.57442721 1.50081944 0.75519369 0.84737377 0.42185477 1.31054039 1.03957045 0.89207089 1.93741969 1.23897881 1.13147614 1.23573168 1.44864947 1.31217293 0.81115093
0.03851357 1.57059512 0.09086246 0.18085883 0.15084018 0.70017276 0.51766392 0.30657595 1.02399862 0.34743165 0.52912712 0.29685145 0.49492834 0.49674456 1.39555803 1.17182459 0.54639477 0.71609955 0.34211083 1.03510350 0.76451765 0.85302737 1.56693938 1.04439006 0.82193826 1.00639340 1.01098233 1.13658037 0.58106488
0.07157525 1.63717916 0.10556634 0.31002032 -0.00030969 0.84030307 0.47426941 0.45771480 1.20879589 0.39667190 0.48145048 0.43959678 0.58170168 0.60037012 1.51335523 1.38863359 0.66947950 0.80590100 0.44601404 1.30759363 0.89161540 0.95133238 1.86582004 1.15599792 1.09159402 1.19576577 1.35268857 1.24142092 0.72745806
0.06924535 1.58345550 0.09942222 0.27179910 0.12782824 0.79298457 0.51689590 0.35061069 1.11879907 0.38459534 0.55170275 0.39919268 0.52529353 0.51667326 1.42678673 1.26978297 0.59770332 0.76862427 0.35817483 1.15490848 0.79960883 0.90473621 1.69232249 1.07044395 0.93592620 1.10714339 1.18042299 1.19523249 0.65090380
0.01451910 1.71004674 0.05841620 0.14488636 -0.03321138 0.88575485 0.37998813 0.53740611 1.17968725 0.38094672 0.48647476 0.38499564 0.49495847 0.63189594 1.56616335 1.49732971 0.75602590 0.84390609 0.41411950 1.29701164 1.04375188 0.87947364 1.92621032 1.23462425 1.12368350 1.22927026 1.44300477 1.30842791 0.81127314
0.05219941 1.11022887 0.09743779 0.20792140 0.14367977 0.66706630 0.35216096 0.37433774 0.82816844 0.25091374 0.32809459 0.33002749 0.38116538 0.36260172 1.00720936 0.97721061 0.48615555 0.55815517 0.25183672 0.86168225 0.64370874 0.70269275 1.33963617 0.71113885 0.80476166 0.93635065 0.99022795 0.91526567 0.53455239
0.09703389 1.49373096 0.12296103 0.35343492 0.12605200 0.70974873 0.55916107 0.27664397 1.08930910 0.37846429 0.52346032 0.39758661 0.56625015 0.48803126 1.35425953 1.14308607 0.51252084 0.71097672 0.37755223 1.11407468 0.67032894 0.91112502 1.57813965 0.99815232 0.86334250 1.02064899 1.04904173 1.09859567 0.56064538
0.04234887 1.50351662 0.14652819 0.22501329 0.13703803 0.69123952 0.51559282 0.42900353 1.01994117 0.28799743 0.34468596 0.28328406 0.56787882 0.51296983 1.36282353 1.13833668 0.54359957 0.65336715 0.41739057 1.05373254 0.76791958 0.92809425 1.64466128 0.95898481 0.93649657 1.08010878 1.03586214 1.10536984 0.57122260
0.07193363 1.40284971 0.10467677 0.26355537 0.18633731 0.72555933 0.49746859 0.30414117 0.99704137 0.33968401 0.50532830 0.36885281 0.47390998 0.43182940 1.25384994 1.11286504 0.51999701 0.68076773 0.29801495 1.00538381 0.68989556 0.83572182 1.50457108 0.91209921 0.82921714 1.01276113 1.03697840 1.07743959 0.56979319
0.01410309 1.42762543 0.08962171 0.15026894 -0.02235120 0.77340031 0.32438977 0.55930041 1.01458256 0.28521886 0.29327780 0.32725187 0.47062580 0.55081853 1.32487300 1.27760471 0.65813672 0.68777825 0.40008217 1.12862940 0.91297339 0.81305769 1.72593356 0.99819475 1.05842587 1.12843552 1.27768633 1.11796292 0.70258563
0.00422099 1.42719207 0.08330963 0.11872604 -0.01085003 0.77169464 0.31419741 0.56190758 0.99489008 0.27752900 0.29469337 0.31047846 0.45107065 0.54442846 1.31817597 1.27478946 0.66086949 0.68454147 0.38566107 1.10406203 0.92381996 0.79654338 1.71179613 0.99407086 1.04477165 1.12226579 1.26629073 1.11893885 0.70360513
0.08834672 1.40304126 0.11215232 0.31254270 0.17535799 0.73224265 0.51446256 0.29312873 1.02742913 0.35492956 0.51512835 0.39899610 0.49872332 0.43716062 1.26158917 1.11821927 0.51563937 0.68917805 0.31253008 1.04044858 0.67103915 0.85795567 1.52128463 0.91781502 0.84444030 1.02115468 1.05518236 1.07831707 0.56927471
0.07325750 1.28459433 0.10512138 0.26711932 0.16831941 0.70204556 0.45170215 0.31808342 0.94237602 0.31308660 0.44549825 0.36787103 0.44814543 0.40341376 1.15635199 1.05512083 0.49956971 0.63503081 0.28358273 0.96019814 0.65508044 0.79201320 1.43762473 0.83256961 0.81793624 0.98007453 1.01779794 1.01021491 0.55059884
0.15076130 1.22446022 0.13505601 0.50113977 0.07446815 0.68873499 0.50628598 0.24867080 1.05158988 0.37529100 0.46213266 0.49672416 0.55719606 0.42307036 1.14602196 1.03158141 0.45327739 0.64459833 0.35753978 1.10173339 0.52975381 0.85991665 1.45253724 0.83476150 0.85711569 0.96240873 1.05922866 0.95604083 0.51956060
0.07211381 1.28252999 0.10261120 0.26247954 0.16896905 0.70188507 0.44862655 0.31556627 0.93879572 0.31328605 0.44927947 0.36684522 0.44272184 0.40141513 1.15337857 1.05460632 0.49975033 0.63534345 0.27918523 0.95597454 0.65552191 0.78630595 1.43207791 0.83226710 0.81322370 0.97651879 1.01632108 1.00929100 0.55095220
0.01225076 1.42523203 0.08665027 0.14371331 -0.02261967 0.77335444 0.31965915 0.55817168 1.01011331 0.28482333 0.29598231 0.32539606 0.46415251 0.54911693 1.32164852 1.27775471 0.65914372 0.68793043 0.39551405 1.12397425 0.91495274 0.80618536 1.72064621 0.99806128 1.05424287 1.12497885 1.27707639 1.11703100 0.70369508
0.05377486 1.04709570 0.09054847 0.21051625 0.11889951 0.63862276 0.32670597 0.35741435 0.79577941 0.24405713 0.31229003 0.32683852 0.36376495 0.34870941 0.95506031 0.93691700 0.46615993 0.53456106 0.24327727 0.83515374 0.61174728 0.66503148 1.27934467 0.68023680 0.77474842 0.89109267 0.96020002 0.86729931 0.51453512
0.12145428 1.38957041 0.12707274 0.41197577 0.14706574 0.73834369 0.54349151 0.27011196 1.08140744 0.38253273 0.52664774 0.45745583 0.54717240 0.44594274 1.26632195 1.11928073 0.50227291 0.69936956 0.34247844 1.10565223 0.62649729 0.89659264 1.54381701 0.92161932 0.87088522 1.02941955 1.08463081 1.06897196 0.56318756
0.08970638 1.40042234 0.11124980 0.31564595 0.17424895 0.73255272 0.51412877 0.28956546 1.02819067 0.35690246 0.51888010 0.40213481 0.49773199 0.43605139 1.25944861 1.11774629 0.51480134 0.69004831 0.31100330 1.04136219 0.66826843 0.85615784 1.51835833 0.91761980 0.84245757 1.01897169 1.05587006 1.07695651 0.56906417
0.05054780 1.46551143 0.10676012 0.22008057 0.13753140 0.65036321 0.51096415 0.29620088 0.98215424 0.32415098 0.46511171 0.29224310 0.50689317 0.47279975 1.31215243 1.08470878 0.49959266 0.66093016 0.35202518 0.99624951 0.69316347 0.84061026 1.49234802 0.96492353 0.79738386 0.95973634 0.94693058 1.05719602 0.53160187
0.08095593 1.28714338 0.10866844 0.29001544 0.16397220 0.70466798 0.46128308 0.31147207 0.95726426 0.32076779 0.45170551 0.38145109 0.46044697 0.40622102 1.16182283 1.05761759 0.49708547 0.63953270 0.29061512 0.97669144 0.64590763 0.80323902 1.44543348 0.83669929 0.82389367 0.98352179 1.02473223 1.01139640 0.54975072
0.04398706 1.45938829 0.10583167 0.20358576 0.12970632 0.62465872 0.50755669 0.29050006 0.96237125 0.31468981 0.44989264 0.26862255 0.50526225 0.47347736 1.30579128 1.06182779 0.48772126 0.64642928 0.35674992 0.97570840 0.68481663 0.82954692 1.46698935 0.96103486 0.77706133 0.93486964 0.91060062 1.03871332 0.51501025
0.04529409 1.45460135 0.10885920 0.20928737 0.12645376 0.62440665 0.50727010 0.29638573 0.96397107 0.31265839 0.44038252 0.27027197 0.51030331 0.47491318 1.30381183 1.06053774 0.48747085 0.64357307 0.36180818 0.97948819 0.68377103 0.83388791 1.47173442 0.95699909 0.78430036 0.93861697 0.91392777 1.03629287 0.51473563
0.07075916 1.28709042 0.10374430 0.25938166 0.17109912 0.70193581 0.45014403 0.31892849 0.93880863 0.31156972 0.44633584 0.36357213 0.44431861 0.40277177 1.15701683 1.05566615 0.50071598 0.63502607 0.28089909 0.95542713 0.65864271 0.78920746 1.43605642 0.83331444 0.81532077 0.97944369 1.01548564 1.01179750 0.55123052
0.06335312 1.26755108 0.10013329 0.23731753 0.17216634 0.69565145 0.43391343 0.32712282 0.91625650 0.30031659 0.43177902 0.35000419 0.42842737 0.39607764 1.13765415 1.04485120 0.50014819 0.62404488 0.27199899 0.93280605 0.66255239 0.77150569 1.41839008 0.81816479 0.80752543 0.97080628 1.00572215 1.00069798 0.54921559
0.03400018 1.40131170 0.10899572 0.18215064 0.10775244 0.59649672 0.47468570 0.31943116 0.92005802 0.28501476 0.38302302 0.24139058 0.49612312 0.46876346 1.26016752 1.02511223 0.47805550 0.60939125 0.36416675 0.94310123 0.67963032 0.80620778 1.43693218 0.91995442 0.77767853 0.91528638 0.88680453 0.99667105 0.50061458
0.08017798 1.06495895 0.11000982 0.28706906 0.13637031 0.64592164 0.38009684 0.32904197 0.84241323 0.26584164 0.33670835 0.36502706 0.41104511 0.34962939 0.97556292 0.93264733 0.44903493 0.54558284 0.26252249 0.87466805 0.57217215 0.71750187 1.30151800 0.68287479 0.78520819 0.90769357 0.96048599 0.87673247 0.50111156
0.11564366 1.42594553 0.12244107 0.39162881 0.16545389 0.74237367 0.55523808 0.25936665 1.08413066 0.38739102 0.55311178 0.44689033 0.54136644 0.44734592 1.29050105 1.13064149 0.50647946 0.71140615 0.33410856 1.09921012 0.63847301 0.89847176 1.54768682 0.94225117 0.85734721 1.03068363 1.07515571 1.08910522 0.56590153
0.09059212 1.53489293 0.11164808 0.31520134 0.20994693 0.76048814 0.57511941 0.26311415 1.08939502 0.38936721 0.59860703 0.40572198 0.52556459 0.46111805 1.36690428 1.17742358 0.53294052 0.74273033 0.31991219 1.08533084 0.69940361 0.90789280 1.58595060 1.00252587 0.84548331 1.05439192 1.06844089 1.15464767 0.58633701
0.06878580 1.11215649 0.10573988 0.25821279 0.13104731 0.67261094 0.37030457 0.36397280 0.85990523 0.26607571 0.33606216 0.35961775 0.40853650 0.36951487 1.01707966 0.98254666 0.48148753 0.56631360 0.26897274 0.89863962 0.62472232 0.72694287 1.35826166 0.71817862 0.82129830 0.94503293 1.00791493 0.91608157 0.53342547
0.09223540 1.41704064 0.10999720 0.32253444 0.17166547 0.74076365 0.51938997 0.28614455 1.04265762 0.36535122 0.53301762 0.41070073 0.50207307 0.44150072 1.27471782 1.13224446 0.52032122 0.70113557 0.31330702 1.05682214 0.67343869 0.86259193 1.53245207 0.93292700 0.84833399 1.02600305 1.06929548 1.08859723 0.57597794
0.04447090 1.44930502 0.10454394 0.20456919 0.12552801 0.62213189 0.50275147 0.28892674 0.95834447 0.31408825 0.44791769 0.26972061 0.50210846 0.47139578 1.29765620 1.05748775 0.48585175 0.64368081 0.35501476 0.97304789 0.68101476 0.82369485 1.45940000 0.95645624 0.77420239 0.92951248 0.90924838 1.03228494 0.51350028
0.06939650 1.11602971 0.11190385 0.25960923 0.14958182 0.66183219 0.38733284 0.35424506 0.85418585 0.26210261 0.33497460 0.34977097 0.41600476 0.36407393 1.01680855 0.96431145 0.46906822 0.55880273 0.26963452 0.88406505 0.61100202 0.73638236 1.34653663 0.70918736 0.80752772 0.93908007 0.97859479 0.91224210 0.51845790
0.04266296 1.48318237 0.14078098 0.22586360 0.11621484 0.68323479 0.50007825 0.42451266 1.01259427 0.28875608 0.34128645 0.28552956 0.56017731 0.51275010 1.34819763 1.13231776 0.54121915 0.64921312 0.41643214 1.05303195 0.76192085 0.91058718 1.62807365 0.95666190 0.93008810 1.06358743 1.03584093 1.08963472 0.56959000
0.05486523 1.47224288 0.14654618 0.26446655 0.09600799 0.68406006 0.50506968 0.42183150 1.03247782 0.29736597 0.33654520 0.30780624 0.57960436 0.51886905 1.34743769 1.13324272 0.53759669 0.65075163 0.43204753 1.08132819 0.74684457 0.92345571 1.63898010 0.95724803 0.94583960 1.06670210 1.05188995 1.08214752 0.56866902
0.04243960 1.46050119 0.10518376 0.19914737 0.13032194 0.62544893 0.50568313 0.29297232 0.96075661 0.31348880 0.44882491 0.26652262 0.50325680 0.47367859 1.30628757 1.06333278 0.48936124 0.64648974 0.35582853 0.97408798 0.68817617 0.82823890 1.46800827 0.96145849 0.77769207 0.93595854 0.91156257 1.04001937 0.51643429
0.05229928 1.47382065 0.15498219 0.25942952 0.11333465 0.68127622 0.51406944 0.43331397 1.02616163 0.28679122 0.31838430 0.29639955 0.58682053 0.51634911 1.34691755 1.12368761 0.53406406 0.64160759 0.43591271 1.06986351 0.74728855 0.93626877 1.64399197 0.94401789 0.95042371 1.07621616 1.03924846 1.08335336 0.56258314
0.08732470 1.28129131 0.11168443 0.30915501 0.15839277 0.70519950 0.46575452 0.30761093 0.96602832 0.32517620 0.45202232 0.39251474 0.46913407 0.40704328 1.15999774 1.05608411 0.49390363 0.64009593 0.29598119 0.98777001 0.63638876 0.80966692 1.44799362 0.83497989 0.82873848 0.98439892 1.02969246 1.00779047 0.54797102
0.05762065 1.49717552 0.15310584 0.27094173 0.12269860 0.69342739 0.52856072 0.41785181 1.04482624 0.30097206 0.35015948 0.31019127 0.59018022 0.51735697 1.36506688 1.13871087 0.53728125 0.65808483 0.43149429 1.08412888 0.74712168 0.94528764 1.65446092 0.96137281 0.94822692 1.08292565 1.04917421 1.10049265 0.56823850
0.09249795 1.36460183 0.12099080 0.32882089 0.16736752 0.71971881 0.50926200 0.30339836 1.01626667 0.34353175 0.47976884 0.39926755 0.50758701 0.43222718 1.23356983 1.09324277 0.50412698 0.66878518 0.32189290 1.03384419 0.65277997 0.85986429 1.50921375 0.88756840 0.85103867 1.01625118 1.04525695 1.05312556 0.55701416
0.05448856 1.50599328 0.14814638 0.26227753 0.11349846 0.70525340 0.51749364 0.42900501 1.05078346 0.30349181 0.35322208 0.31386908 0.58391155 0.52360038 1.37399629 1.15919671 0.55086605 0.66714103 0.43057834 1.09532065 0.76587686 0.94102436 1.67124596 0.97402684 0.96118312 1.09332890 1.07395298 1.11165578 0.58319854
0.07212477 1.40859983 0.11790808 0.27878408 0.15673839 0.75380624 0.48180240 0.37280101 1.02590615 0.33030685 0.44884204 0.38307798 0.50017816 0.45772722 1.27426736 1.15460969 0.55062872 0.68448198 0.33279998 1.05627481 0.73101221 0.86802999 1.58685746 0.91789307 0.91115309 1.07195980 1.11253158 1.09766483 0.60206586
0.01841674 1.72262931 0.06181589 0.15726746 -0.03296693 0.88738967 0.39118646 0.53360542 1.19216002 0.38607269 0.49182231 0.39039068 0.50635253 0.63637760 1.57850114 1.50161429 0.75521134 0.84870876 0.42125964 1.30909538 1.04096174 0.89187828 1.93690010 1.24277929 1.12828415 1.23432240 1.44526583 1.31434556 0.81066365
0.08897215 1.37780230 0.11204008 0.31367257 0.17322900 0.72546047 0.50648868 0.29225001 1.01484476 0.34984881 0.50507678 0.39825946 0.49292361 0.42988940 1.24010554 1.10328772 0.50921807 0.67909154 0.30830643 1.02864345 0.66072424 0.84798714 1.50303658 0.90046417 0.83794520 1.01123911 1.04663646 1.06283041 0.56298942
0.08668367 1.37904552 0.11026955 0.30677044 0.17335801 0.72679798 0.50282187 0.29488504 1.01230697 0.34869786 0.50508882 0.39568156 0.48878245 0.43000002 1.24041377 1.10595664 0.51185239 0.67973928 0.30606339 1.02626271 0.66569582 0.84455603 1.50346499 0.90173155 0.83794322 1.01184602 1.04855220 1.06458061 0.56547897
0.09928437 1.43985256 0.10705621 0.33487609 0.19595628 0.75741283 0.53938369 0.26102841 1.06002310 0.38251434 0.57938201 0.42847755 0.49990300 0.43466461 1.28858621 1.14500502 0.52119086 0.72029536 0.29828294 1.06379508 0.66813873 0.87033645 1.53499456 0.94575281 0.83701062 1.03214719 1.07510451 1.10885425 0.58044601
0.11827468 1.56002093 0.12707061 0.40090373 0.18885749 0.78009794 0.61097030 0.25366485 1.15698263 0.41857848 0.61585530 0.45881096 0.57875116 0.48096631 1.40353628 1.20430106 0.53424952 0.76606406 0.35491377 1.16300903 0.68079278 0.96078287 1.64201738 1.02920395 0.88789961 1.08488083 1.11489544 1.17226577 0.59394594
0.02602388 1.72419112 0.06540727 0.18002981 -0.03773667 0.89074960 0.39976014 0.52848528 1.20695096 0.39337482 0.49684007 0.40432260 0.51836613 0.63922411 1.58332584 1.50472554 0.75340153 0.85307558 0.42831136 1.32592257 1.03262192 0.90295649 1.94563203 1.24628663 1.13563792 1.23876721 1.45387978 1.31558357 0.81059561
0.07460685 1.09641171 0.10558537 0.27123417 0.13727025 0.66703356 0.37582013 0.34513346 0.85608318 0.27002876 0.34735503 0.36674002 0.40656053 0.35964697 1.00191079 0.96695126 0.47005119 0.56288556 0.26145181 0.89061750 0.60395741 0.72228160 1.33570555 0.70682441 0.80476776 0.93146378 0.99320638 0.90480656 0.52323002
0.09052842 1.40247374 0.11311868 0.31751640 0.18124961 0.73269630 0.51955603 0.28747264 1.02865303 0.35676603 0.52059912 0.40188598 0.49978684 0.43416788 1.26011052 1.11522270 0.51269437 0.68963557 0.31024884 1.03910672 0.66550676 0.86017343 1.51792192 0.91531980 0.84070699 1.02040281 1.05155791 1.07833336 0.56676874
0.01468879 1.43900346 0.09042102 0.15223758 -0.02024313 0.77814451 0.32913576 0.56023912 1.02198649 0.28800206 0.29808742 0.32956158 0.47439995 0.55389422 1.33475831 1.28522123 0.66134872 0.69290462 0.40219759 1.13558502 0.91734237 0.81950249 1.73625662 1.00538689 1.06326446 1.13515075 1.28369340 1.12598961 0.70605294
0.01903573 1.72361783 0.06188950 0.15887871 -0.03265011 0.88817020 0.39222160 0.53263903 1.19365266 0.38706003 0.49356058 0.39174320 0.50698006 0.63645609 1.57940221 1.50241132 0.75526654 0.84965511 0.42126925 1.31045192 1.04051882 0.89275544 1.93770029 1.24359847 1.12849726 1.23485501 1.44615775 1.31516767 0.81093204
0.07887201 1.09925125 0.10652679 0.28276384 0.13733753 0.66487171 0.38385241 0.33417381 0.86229267 0.27545272 0.35646321 0.37225495 0.41208945 0.35950482 1.00476830 0.96420741 0.46530980 0.56519823 0.26310895 0.89550644 0.59464358 0.72638760 1.33257302 0.70994812 0.79981241 0.92723636 0.98849714 0.90377429 0.51901322
0.09019396 1.56142995 0.11381411 0.31672885 0.20871231 0.77291471 0.58103161 0.27465661 1.10702698 0.39334993 0.60101844 0.40951727 0.53515981 0.47201735 1.39170695 1.19968466 0.54456724 0.75405108 0.32880659 1.10528747 0.71645290 0.92327548 1.61772250 1.02069868 0.86511587 1.07460194 1.08988741 1.17429819 0.59828226
0.08845759 1.40281650 0.11219517 0.31283361 0.17542018 0.73222173 0.51455985 0.29295906 1.02745989 0.35498396 0.51520167 0.39916361 0.49878183 0.43705552 1.26140432 1.11805403 0.51550974 0.68913675 0.31249551 1.04045011 0.67076893 0.85799301 1.52111854 0.91764092 0.84436020 1.02108321 1.05510546 1.07819074 0.56917041
0.09670639 1.09472697 0.11496151 0.33582505 0.12623462 0.66938762 0.40193528 0.32094173 0.89191062 0.29059252 0.36502237 0.40357540 0.43827355 0.36342588 1.00880264 0.96521194 0.45809407 0.57154334 0.27805201 0.92962913 0.57088199 0.74886806 1.34547933 0.71210389 0.81332596 0.93321565 1.00346290 0.90099210 0.51570461
0.06319698 1.09407589 0.09915890 0.23654989 0.14409229 0.66276019 0.36206440 0.35155814 0.83395333 0.25999934 0.34239536 0.34670471 0.38692331 0.35503086 0.99444645 0.96331553 0.47328451 0.55738714 0.24944746 0.86545013 0.61679883 0.70400073 1.32168768 0.70251483 0.79270421 0.92406661 0.98133623 0.90333903 0.52412739
0.08133257 1.55390685 0.11031093 0.29068649 0.21255203 0.76276403 0.57090037 0.27831906 1.08545714 0.38285189 0.59078380 0.39017082 0.52190911 0.46759788 1.38137518 1.18836766 0.54232475 0.74445460 0.32181347 1.08124994 0.72074393 0.90847963 1.60000257 1.01249834 0.85197460 1.06323048 1.07116853 1.16631266 0.59325968
0.01626929 1.42941892 0.09092473 0.15677272 -0.02278720 0.77451544 0.32782371 0.55776046 1.01926427 0.28736369 0.29506624 0.33099623 0.47460345 0.55175951 1.32726731 1.27870407 0.65760247 0.68927306 0.40228937 1.13353120 0.91074650 0.81715997 1.72914327 0.99960721 1.06059419 1.13026916 1.27978327 1.11907560 0.70247154
0.03127328 1.42108583 0.09911151 0.16282120 0.14342994 0.61284236 0.48259111 0.29742186 0.91710706 0.29458293 0.43125114 0.24377240 0.47252582 0.45459221 1.26505978 1.03567093 0.48239144 0.62549856 0.33311215 0.92519395 0.68555869 0.79572735 1.42468388 0.92735199 0.75311853 0.91561025 0.88353824 1.01761681 0.50724613
0.01562774 1.43362484 0.09084423 0.15495490 -0.02145626 0.77600295 0.32865540 0.55880401 1.02046420 0.28758600 0.29626609 0.33031659 0.47472083 0.55264801 1.33054470 1.28133584 0.65908706 0.69075140 0.40234167 1.13435203 0.91343550 0.81842645 1.73223531 1.00197247 1.06173254 1.13243690 1.28121670 1.12205527 0.70385838
0.08387056 1.16848038 0.10542083 0.30058101 0.12034652 0.67853055 0.40681661 0.32495687 0.91028023 0.29960726 0.39127252 0.38638830 0.43761120 0.38696798 1.06925511 1.00758450 0.47995920 0.59764709 0.28483198 0.94813912 0.61292597 0.75448160 1.38297883 0.77027499 0.81831953 0.94503108 1.01744195 0.94008523 0.53465434
0.01545697 1.43579675 0.09098562 0.15436869 -0.01998367 0.77629476 0.32988408 0.55847095 1.02090697 0.28773890 0.29729850 0.32980721 0.47502252 0.55274343 1.33206479 1.28180987 0.65918484 0.69128288 0.40222758 1.13417871 0.91390597 0.81934011 1.73297526 1.00281143 1.06142282 1.13303551 1.28061604 1.12331204 0.70384736
0.03969440 1.45121473 0.10542964 0.19232299 0.12827217 0.62108403 0.49936691 0.29913774 0.95199588 0.30745043 0.43700636 0.26020533 0.50017928 0.47243842 1.29843465 1.05739524 0.48840883 0.63997526 0.35595391 0.96646258 0.68907056 0.82349518 1.46285563 0.95403586 0.77750778 0.93324028 0.90714068 1.03370042 0.51449160
0.03977670 1.43726944 0.10314565 0.18923770 0.13599618 0.62301362 0.49476492 0.29546386 0.94341236 0.30622039 0.44114570 0.26221099 0.48999988 0.46363016 1.28387189 1.05155237 0.48650992 0.63747362 0.34490930 0.95520188 0.68478434 0.81454834 1.44974231 0.94270095 0.76997745 0.92938885 0.90466568 1.02923114 0.51369081
0.09183493 1.36155814 0.11402901 0.32029951 0.17852934 0.70665119 0.51425388 0.27266420 1.00250748 0.34778404 0.50525165 0.39237301 0.49435057 0.42102504 1.22411099 1.07512706 0.49097975 0.66728773 0.30594129 1.01088099 0.63532245 0.84319051 1.47141763 0.88599091 0.81374241 0.98839104 1.01192871 1.04350371 0.54312824
0.08502091 1.37786881 0.11154721 0.30271206 0.17560374 0.72322548 0.50315856 0.29713478 1.00787483 0.34505743 0.49908460 0.39018517 0.48916314 0.42943486 1.23884525 1.10137480 0.51005612 0.67593607 0.30698341 1.02088381 0.66539513 0.84487005 1.50107573 0.89825045 0.83646149 1.01065235 1.04199835 1.06236005 0.56260063
0.05213919 1.45292697 0.11166250 0.22969681 0.12049684 0.62412300 0.51425459 0.28932130 0.97491260 0.31885726 0.44430747 0.28155496 0.52049225 0.47678661 1.30550980 1.05963517 0.48363758 0.64570490 0.36803520 0.99231444 0.67330110 0.84148692 1.47447960 0.95883734 0.78737310 0.93819191 0.91724705 1.03379822 0.51220716
0.00613847 1.70336989 0.05879739 0.12157810 -0.02523407 0.87453084 0.37456847 0.54461452 1.15873926 0.36783013 0.46953057 0.36381718 0.48725397 0.62770017 1.55685540 1.48292628 0.75202779 0.83149447 0.41082946 1.27253775 1.04656068 0.87159269 1.91221340 1.22261963 1.11397704 1.22185631 1.42111830 1.30059404 0.80377996
0.09043142 1.40251305 0.11289930 0.31848057 0.17464562 0.73270266 0.51673753 0.29070970 1.03058909 0.35690224 0.51715107 0.40263717 0.50126195 0.43720178 1.26180891 1.11804833 0.51455584 0.69004438 0.31360381 1.04380494 0.66789627 0.86011870 1.52185561 0.91802632 0.84502346 1.02128946 1.05627698 1.07796159 0.56867510
0.08583289 1.34348567 0.11247285 0.30532087 0.16962442 0.70889672 0.49367603 0.29496810 0.98993180 0.33711215 0.48146687 0.38628028 0.48453835 0.42107930 1.21032379 1.07701806 0.49859676 0.65970544 0.30500243 1.00451190 0.64851829 0.83237933 1.47417268 0.87488017 0.82603444 0.99358643 1.02443137 1.03786916 0.55046586
0.04333978 1.57030593 0.10760316 0.21390288 0.09987460 0.71033643 0.50616387 0.36680184 1.05677176 0.33965158 0.46181395 0.31072563 0.53670533 0.52974094 1.41649869 1.20004305 0.56598905 0.71288202 0.39360624 1.09538893 0.78889440 0.88916322 1.64158062 1.05304978 0.90048093 1.04996536 1.07192349 1.14047547 0.60075438
0.06815101 1.40296958 0.10332568 0.25298453 0.18668447 0.72626223 0.49194446 0.31073529 0.99188236 0.33592940 0.50040476 0.36326660 0.46908761 0.43211664 1.25313681 1.11485063 0.52329597 0.67950808 0.29626630 1.00065607 0.69713836 0.83185014 1.50568079 0.91148472 0.83069870 1.01439902 1.03836075 1.07867111 0.57245500
0.07551478 1.09789485 0.10812620 0.27522836 0.13675587 0.66643392 0.37873974 0.34760914 0.85874979 0.26934611 0.34288956 0.36695380 0.41177112 0.36142105 1.00427810 0.96650609 0.46943619 0.56192612 0.26578600 0.89379856 0.60318666 0.72758497 1.34024788 0.70651495 0.80879745 0.93431891 0.99341015 0.90504887 0.52229452
0.07774367 1.09757943 0.10874083 0.28163989 0.13515966 0.66678454 0.38093201 0.34487814 0.86238182 0.27168126 0.34522384 0.37092794 0.41453615 0.36181370 1.00486341 0.96663167 0.46839401 0.56305612 0.26719306 0.89789773 0.59995067 0.72968036 1.34096270 0.70738630 0.80944853 0.93416787 0.99483949 0.90461729 0.52177664
0.09333458 1.39953147 0.11197356 0.32482494 0.17651075 0.72867239 0.52126779 0.27776893 1.03041667 0.36076148 0.52696424 0.40566486 0.50099744 0.43367694 1.25826733 1.11127670 0.50846298 0.69016284 0.31050548 1.04126180 0.65726145 0.85784748 1.51023313 0.91704368 0.83421064 1.01228231 1.04697035 1.07345936 0.56301102
