0.08280667 1.13851154 0.07931382 0.28713238 0.06060540 1.28236574 0.50985918 0.25766271 0.92654857 0.28832595 0.45771962 0.43852350 0.49027300 0.48216024 0.90630980 0.89747895 0.44125401 0.61357183 0.25383073 0.83939046 0.56573375 0.72432496 0.41827389 1.01356727 0.98119952 1.03193890 1.54332600 0.85233197 0.54715437
0.02898754 1.18596102 0.06645067 0.12231967 0.13725741 1.24132790 0.54977637 0.29813636 1.07547130 0.33468751 0.34125181 0.33672053 0.47771992 0.52871149 1.01748777 1.00753177 0.49209226 0.49547314 0.33932780 0.97983473 0.63847930 0.82035909 0.47875753 0.91699054 0.90781667 1.08798118 1.59263735 0.99084056 0.53913139
0.08272409 1.13835058 0.07906484 0.28709353 0.06035372 1.28232375 0.50997836 0.25771995 0.92660262 0.28815936 0.45786721 0.43881130 0.49055214 0.48217656 0.90641847 0.89756046 0.44107353 0.61357610 0.25394155 0.83956924 0.56572950 0.72436785 0.41827500 1.01391179 0.98118369 1.03214663 1.54354770 0.85224308 0.54714891
0.05289116 1.17390802 0.09180847 0.17892185 0.00421008 1.31010683 0.47838261 0.22495553 1.01124013 0.30185839 0.43059583 0.49868542 0.48402542 0.53189515 0.96711109 1.00613596 0.45037236 0.59642013 0.34922773 0.95685208 0.63642058 0.73161279 0.45508029 1.09622813 0.99922258 1.11381854 1.63967376 0.94266202 0.55803321
0.04829162 1.15253694 0.08470239 0.16936026 0.00000000 1.28850776 0.47301368 0.22181101 1.00066845 0.29421497 0.42465306 0.49818629 0.48236719 0.52585697 0.95720942 0.99651182 0.43975911 0.58510937 0.35048562 0.95133747 0.62937516 0.72173725 0.44959411 1.08850514 0.98211646 1.10378758 1.62183186 0.92977100 0.54894155
0.07247221 1.21625381 0.08631492 0.30102846 0.15135598 1.38777514 0.62671768 0.30070973 1.01246213 0.37022433 0.42548482 0.33795617 0.50882383 0.50547884 0.97400270 0.91422541 0.52628051 0.65309905 0.24250411 0.90361935 0.61729738 0.78371265 0.44777893 0.99068872 0.97981810 1.03075312 1.57050447 0.91316129 0.55967343
0.06888402 1.18834516 0.08700966 0.23300682 0.03584673 1.32340559 0.50392377 0.25001640 0.99835761 0.30074315 0.45302853 0.47961279 0.49914624 0.52164957 0.96501491 0.98227938 0.45665058 0.61252184 0.31257797 0.92408609 0.61706008 0.75269015 0.45044101 1.07645569 1.01507444 1.10562540 1.63675911 0.92639951 0.56779144
0.06288519 1.15772340 0.08391913 0.22971647 0.03906177 1.30784616 0.51122665 0.24361835 0.97818359 0.30638600 0.43649326 0.45547201 0.48965278 0.50886001 0.94257345 0.95032546 0.45497803 0.61044526 0.30235320 0.90917037 0.60866278 0.72882985 0.43856669 1.05495185 0.98237208 1.06774400 1.58821310 0.90073101 0.54975771
0.04162598 1.27637104 0.05825483 0.19501291 0.06665861 1.41493068 0.60380078 0.30128598 1.13805148 0.34119476 0.44702002 0.46961067 0.56464312 0.57467574 1.09137896 1.08549173 0.50669556 0.62263227 0.36470523 1.06356842 0.69106740 0.85282864 0.50495971 1.13586631 1.04340170 1.20796202 1.77772106 1.03126218 0.59986182
0.05355491 1.18207120 0.08952791 0.18022646 0.00778673 1.31322769 0.48218049 0.23091359 1.01910325 0.30086404 0.43388511 0.50022787 0.48947009 0.53493394 0.97586799 1.01400400 0.45173798 0.59497382 0.35066666 0.96205127 0.63823588 0.74231202 0.45891414 1.09784889 1.00514403 1.12391514 1.65244427 0.94976575 0.56249537
0.08213644 1.22968529 0.08785934 0.33180657 0.15720179 1.40851415 0.63658017 0.30757161 1.00756824 0.37076989 0.44417988 0.34235196 0.51790330 0.50408595 0.97438519 0.90811003 0.53024086 0.67286008 0.22770021 0.89205445 0.61251740 0.79024028 0.44643703 1.00062949 0.99970572 1.03374640 1.58081092 0.90777065 0.56869197
0.04954314 1.15048235 0.08143479 0.17447243 0.00000000 1.28724856 0.47302470 0.22336459 0.99749357 0.28957387 0.43047574 0.50400966 0.48678346 0.52462591 0.95639815 0.99515993 0.43568921 0.58647986 0.34863417 0.94839276 0.62608297 0.72248276 0.44836408 1.09282427 0.98487490 1.10626854 1.62457547 0.92554770 0.54999662
0.07644726 1.22186525 0.09322493 0.29839530 0.13849329 1.38661263 0.60606633 0.29259611 1.01012441 0.36313211 0.43271193 0.35846140 0.50393037 0.50903848 0.97242680 0.92533332 0.52071827 0.65279851 0.24933108 0.90258439 0.61797004 0.78063591 0.44907887 1.00322281 0.99425257 1.04257472 1.58381896 0.91878065 0.56503277
0.05783944 1.12975093 0.07886170 0.21759281 0.05010892 1.27144790 0.50813192 0.24416701 0.96161173 0.30363365 0.41626655 0.42816290 0.47777772 0.49646277 0.92493856 0.92696057 0.44873240 0.58739385 0.29484458 0.89160739 0.59550758 0.71837695 0.43016065 1.01406392 0.94810678 1.03837208 1.54437985 0.88320491 0.53370025
0.08173407 1.22383260 0.08393044 0.33343184 0.15316248 1.40446844 0.63662265 0.30789687 1.00365716 0.36659390 0.44697004 0.34625071 0.52109438 0.50216138 0.97209886 0.90511811 0.52563469 0.67245049 0.22684113 0.88976342 0.60936635 0.78841872 0.44449093 1.00319117 0.99794543 1.03328750 1.57920421 0.90213599 0.56743426
0.05029500 1.15236064 0.08054446 0.17742179 0.00000000 1.29003431 0.47439759 0.22450125 0.99822670 0.28872446 0.43371469 0.50690100 0.48945760 0.52516989 0.95796176 0.99634134 0.43537315 0.58874403 0.34822108 0.94894422 0.62610022 0.72423852 0.44875822 1.09665592 0.98816179 1.10916862 1.62877986 0.92571554 0.55161283
0.07923409 1.21514487 0.08680484 0.32088185 0.14541356 1.39338758 0.62393182 0.29950018 0.99912799 0.36439107 0.44024773 0.34942765 0.51265225 0.50144457 0.96551116 0.90523102 0.52129863 0.66530434 0.23287603 0.88933946 0.60943227 0.77858112 0.44275639 1.00098235 0.99104559 1.02902006 1.57070489 0.90088664 0.56286821
0.09162664 1.31326164 0.10408140 0.37708330 0.30125401 1.47345027 0.74038785 0.37258061 1.06534309 0.44456852 0.40815045 0.19484843 0.51711159 0.50891400 1.02185655 0.89454551 0.61724349 0.68416497 0.17652775 0.89517934 0.62968434 0.86982213 0.46876814 0.89098287 0.99359506 1.00469341 1.56855663 0.95612639 0.58290327
0.07679210 1.22089342 0.09104816 0.31140320 0.15872397 1.39273741 0.62782886 0.30172693 1.00791006 0.37346894 0.42731379 0.33164646 0.50562941 0.50343412 0.97010773 0.90796363 0.53045645 0.65826335 0.23454751 0.89463128 0.61456805 0.78353102 0.44630308 0.98441246 0.98359597 1.02468691 1.56536572 0.91086171 0.56118493
0.02602717 1.16118390 0.05703564 0.11915566 0.10952287 1.22660675 0.53784938 0.28842665 1.05904452 0.31884145 0.34988820 0.36217346 0.48315683 0.52371807 1.00487295 1.00074172 0.47251275 0.49545288 0.34408723 0.97520579 0.63080724 0.80268293 0.47100088 0.93741811 0.90266988 1.08717919 1.58709715 0.97141203 0.53310005
0.06443209 1.20269627 0.06807930 0.30547095 0.17644047 1.38229822 0.66651898 0.32035946 1.01687305 0.37866110 0.41308056 0.29976039 0.52205672 0.49765385 0.97869788 0.89367872 0.53277283 0.64771894 0.22935291 0.90469434 0.61273020 0.79426451 0.44539986 0.96343730 0.95034088 1.01134504 1.54684695 0.90106667 0.54940381
0.07500954 1.23856330 0.10542102 0.26637675 0.11205466 1.38469839 0.56803325 0.27627798 1.02791742 0.35513431 0.43352538 0.39674956 0.49405991 0.52534543 0.98566336 0.96759315 0.51485220 0.64130529 0.28118660 0.92739000 0.63397313 0.78227601 0.46047807 1.03098448 1.01622997 1.07875895 1.62388795 0.95019665 0.57493941
0.08010348 1.22211529 0.08527674 0.32494764 0.14981004 1.39926080 0.63015627 0.30464400 1.00484129 0.36553104 0.44324444 0.34847132 0.51746628 0.50335998 0.97192392 0.90905769 0.52406575 0.66728574 0.23192514 0.89263768 0.61097215 0.78644613 0.44528354 1.00251735 0.99576978 1.03476892 1.57919256 0.90517610 0.56628843
0.07518163 1.26896804 0.12252926 0.25674494 0.12931691 1.40972032 0.57225823 0.27535763 1.05221727 0.37669771 0.42091158 0.38066475 0.48249354 0.53706771 1.00157599 0.98634599 0.53824685 0.64587481 0.28861113 0.94572428 0.65299470 0.79303490 0.47171297 1.02597899 1.02618359 1.08566526 1.63831247 0.98053500 0.58200527
0.07792144 1.20837596 0.07529931 0.32772209 0.13130340 1.39650936 0.63032545 0.30192958 0.99761403 0.35535251 0.45353260 0.36757790 0.52820424 0.50117050 0.96833110 0.90598325 0.51188977 0.67223932 0.23433743 0.89350937 0.60718336 0.77893954 0.44119439 1.02324697 0.99565200 1.03869435 1.58264409 0.89247849 0.56432707
0.04868261 1.15769285 0.08417789 0.17215543 0.00000000 1.29461784 0.47792445 0.22456907 1.00500192 0.29604961 0.42663391 0.49779286 0.48556251 0.52752896 0.96167692 0.99921074 0.44240565 0.58807499 0.35017333 0.95457058 0.63140416 0.72619779 0.45137332 1.09132168 0.98567661 1.10747173 1.62784384 0.93292902 0.55126081
0.08157798 1.22401367 0.08441210 0.33237537 0.15367485 1.40393355 0.63610820 0.30768926 1.00401604 0.36697799 0.44599237 0.34542512 0.52025042 0.50229553 0.97214031 0.90544295 0.52599782 0.67165859 0.22720509 0.88999139 0.60965606 0.78842769 0.44468233 1.00205530 0.99742913 1.03301808 1.57872470 0.90283072 0.56725707
0.04278498 1.15191152 0.09058361 0.15145563 0.01446741 1.28086313 0.47660278 0.22159926 1.00797077 0.30743084 0.40095614 0.46883201 0.46832340 0.52588410 0.95757199 0.99409064 0.45104960 0.57222858 0.35258556 0.95587092 0.63490917 0.72152095 0.45180988 1.05971472 0.96271840 1.08896753 1.60214464 0.93845153 0.54157393
0.05025403 1.16211768 0.08326326 0.17837185 0.00206388 1.29996250 0.48259995 0.22798451 1.00670249 0.29654091 0.43059582 0.49784068 0.48934169 0.52800468 0.96449988 0.99964062 0.44400847 0.59175588 0.34753845 0.95441301 0.63126091 0.73050830 0.45215785 1.09343780 0.99008979 1.11017579 1.63269506 0.93358508 0.55381877
0.04935713 1.15643495 0.08312389 0.17460938 0.00000000 1.29411204 0.47744625 0.22470784 1.00290543 0.29408482 0.42918713 0.50047523 0.48702080 0.52679045 0.96058815 0.99806281 0.44055903 0.58905244 0.34915656 0.95270916 0.62980700 0.72567412 0.45053746 1.09332260 0.98685095 1.10789208 1.62828065 0.93057006 0.55154621
0.07521477 1.23882914 0.11081267 0.26275212 0.10788936 1.38639299 0.56104527 0.26987353 1.02622884 0.35702910 0.43149180 0.39962567 0.48804148 0.52628982 0.98227547 0.96865102 0.51570379 0.64308593 0.28387227 0.92752110 0.63624971 0.77582095 0.46007706 1.03392043 1.01749986 1.07685207 1.62185230 0.95159810 0.57437517
0.07946552 1.22105970 0.08474406 0.32357250 0.14950087 1.39823504 0.63030732 0.30454064 1.00507308 0.36546099 0.44238274 0.34812303 0.51746620 0.50331033 0.97196580 0.90905947 0.52376219 0.66641082 0.23253675 0.89332138 0.61112318 0.78615677 0.44526129 1.00216159 0.99442981 1.03448477 1.57852115 0.90506810 0.56569073
0.07636845 1.23120637 0.11382784 0.26236273 0.09752023 1.38179015 0.54948108 0.26148741 1.01595695 0.35297870 0.43348843 0.40872388 0.48296452 0.52396282 0.97248894 0.96429690 0.51002045 0.64479208 0.28441402 0.92080653 0.63313692 0.76407375 0.45608305 1.03922662 1.01781387 1.07232999 1.61518264 0.94439988 0.57217339
0.06532710 1.11085628 0.07478665 0.23430103 0.05098534 1.24362082 0.49467614 0.24622117 0.93239627 0.28698646 0.42423714 0.42827651 0.47493717 0.48265508 0.90331696 0.90384052 0.43331314 0.57861402 0.27771151 0.85726998 0.57212866 0.71119939 0.41902945 0.99365676 0.94258188 1.02274966 1.52007765 0.85768673 0.52941422
0.08101658 1.22374200 0.08597618 0.32729861 0.15112123 1.40096636 0.63077093 0.30520120 1.00460248 0.36605775 0.44421258 0.34789463 0.51752387 0.50328914 0.97192701 0.90856935 0.52493598 0.66864207 0.23056629 0.89148647 0.61070218 0.78713479 0.44529622 1.00223482 0.99732135 1.03463471 1.57961419 0.90523010 0.56704878
0.07515493 1.21695102 0.07110621 0.32046258 0.14033426 1.39600698 0.63832597 0.31092742 1.01257030 0.35709486 0.44950609 0.36095759 0.53336819 0.50564980 0.98223515 0.91730592 0.51590730 0.66383443 0.23913792 0.90530427 0.61198027 0.79446541 0.44757989 1.01724098 0.99485725 1.04935942 1.59487007 0.90510394 0.56713198
0.07956905 1.22225859 0.07716682 0.26613783 0.00000000 1.38378455 0.49648425 0.24482804 1.01522706 0.27432042 0.52468496 0.58893761 0.54666838 0.54357838 0.99505142 1.03214005 0.43690947 0.66342386 0.33434435 0.95642761 0.63121751 0.76543798 0.46064095 1.20466997 1.09682895 1.18674741 1.74680785 0.93939087 0.60260996
0.08307174 1.23315633 0.09041417 0.32965036 0.15304654 1.40950297 0.63019318 0.30498410 1.00896154 0.36919432 0.44613851 0.34932870 0.51647168 0.50629787 0.97559851 0.91385029 0.52927498 0.67277303 0.23124884 0.89398268 0.61419705 0.79027727 0.44779859 1.00579371 1.00516202 1.03929553 1.58741823 0.91176598 0.57098998
0.06988428 1.14460851 0.07443421 0.26175800 0.05620168 1.29799196 0.52688229 0.25740824 0.95532135 0.30070132 0.44533628 0.43697692 0.49732217 0.49375416 0.92773285 0.91797403 0.45063863 0.61399826 0.27416857 0.87723687 0.58707933 0.73030498 0.42796013 1.03117326 0.97404454 1.04543448 1.56147524 0.87246210 0.54588429
0.03782467 1.26141522 0.05474983 0.18442987 0.05085446 1.40272154 0.59343775 0.29335041 1.13126196 0.33375328 0.44586769 0.48160574 0.56336381 0.57302199 1.08464351 1.08456026 0.49644032 0.61761484 0.37168297 1.06448666 0.68922725 0.84142791 0.50165922 1.14372217 1.03639125 1.20681391 1.77240574 1.02410452 0.59468842
0.06879168 1.12066803 0.07700221 0.24383332 0.05491957 1.25459462 0.49883717 0.24921362 0.93510734 0.28935787 0.43012097 0.42914948 0.47777947 0.48432647 0.90701965 0.90586852 0.43748562 0.58596668 0.27417252 0.85676409 0.57328292 0.71645302 0.42066038 0.99784586 0.95218291 1.02699038 1.52835835 0.86088075 0.53432947
0.06893009 1.20508857 0.08203815 0.29282850 0.14605019 1.37621401 0.62361627 0.29865710 1.00913624 0.36613388 0.42150830 0.33906690 0.50837831 0.50339835 0.97052785 0.91177506 0.52046370 0.64604699 0.24571132 0.90395830 0.61515047 0.77897685 0.44577376 0.98844451 0.97043404 1.02759846 1.56335881 0.90829855 0.55485796
0.07899427 1.26029850 0.10826496 0.29294423 0.10787494 1.43616562 0.59298216 0.27731243 1.03857618 0.36874366 0.45274769 0.40869983 0.50972013 0.53249992 0.99704648 0.97144312 0.52855355 0.68103675 0.27657474 0.94027803 0.64645033 0.78439327 0.46358906 1.07202346 1.04192954 1.08906266 1.64976405 0.95392260 0.58575776
0.08955119 1.24256985 0.08055037 0.35774303 0.14459259 1.42903356 0.64253441 0.31459510 1.00912775 0.35982200 0.47446430 0.37300722 0.53987036 0.50767381 0.98402550 0.91712255 0.52365958 0.69212396 0.22431682 0.89324685 0.61030530 0.80159819 0.44817378 1.03626319 1.02923639 1.05856203 1.61589947 0.90589224 0.58230398
0.08647485 1.15160053 0.08241198 0.29898623 0.06849845 1.29847586 0.51875827 0.26215239 0.93153765 0.29428216 0.46292286 0.43510727 0.49352397 0.48434228 0.91173224 0.89891023 0.44912976 0.62378222 0.24865485 0.83999181 0.56845643 0.73125242 0.42061632 1.01679115 0.99134259 1.03504482 1.55174527 0.85702041 0.55266729
0.07834450 1.23646641 0.11704794 0.26565906 0.10775974 1.38286504 0.55179410 0.26462159 1.01684087 0.35688211 0.43064931 0.39851682 0.47969824 0.52335903 0.97283650 0.96218083 0.51509979 0.64371924 0.27989614 0.91692572 0.63244163 0.76808007 0.45681556 1.02811138 1.01773219 1.06861832 1.61155954 0.94693125 0.57302129
0.08182684 1.21831904 0.07341434 0.35157237 0.16016686 1.41202679 0.65975625 0.31802545 0.99970643 0.36794317 0.45361698 0.33747055 0.53460142 0.49681196 0.97184337 0.89029742 0.52652272 0.68273381 0.21423225 0.88457372 0.60383055 0.79163464 0.44069817 1.00368168 0.99343339 1.02545098 1.57271954 0.88837805 0.56576041
0.05759307 1.12622892 0.07410115 0.21996431 0.04795132 1.26841295 0.51016134 0.24666627 0.96001830 0.29953248 0.41973691 0.43141473 0.48266830 0.49522812 0.92522101 0.92568094 0.44487999 0.58660578 0.29389996 0.89062347 0.59276606 0.71991619 0.42927033 1.01626136 0.94757329 1.04024845 1.54584104 0.87941622 0.53358431
0.07926874 1.22067889 0.08462774 0.32290905 0.14889914 1.39777961 0.62985361 0.30426377 1.00510035 0.36519434 0.44226365 0.34864473 0.51742055 0.50338483 0.97194738 0.90935999 0.52341937 0.66607219 0.23301863 0.89364166 0.61120967 0.78590990 0.44527175 1.00251062 0.99423606 1.03472150 1.57863835 0.90511211 0.56556530
0.06842241 1.20747058 0.10865933 0.23608247 0.09231511 1.34668033 0.53538237 0.25629369 1.00931077 0.34510908 0.41632841 0.40274887 0.47342440 0.51923806 0.96355697 0.96039644 0.49890207 0.61897617 0.29284008 0.91927979 0.62802771 0.75491061 0.45274827 1.01897147 0.99226042 1.06218726 1.59317015 0.93863429 0.56005301
0.07998816 1.22018360 0.08276891 0.32649706 0.14886129 1.39790888 0.63157973 0.30600013 1.00386507 0.36356847 0.44505112 0.34985927 0.52006597 0.50260174 0.97193423 0.90801013 0.52218727 0.66715076 0.23116519 0.89196043 0.60948561 0.78712525 0.44471557 1.00358177 0.99535594 1.03538610 1.57960461 0.90293734 0.56614574
0.04949563 1.16184975 0.08487608 0.17423896 0.00019011 1.29900875 0.47938459 0.22554419 1.00739774 0.29702151 0.42851984 0.49888088 0.48687019 0.52885489 0.96417360 1.00156514 0.44403673 0.59043493 0.35017011 0.95617475 0.63278166 0.72862477 0.45256293 1.09397889 0.98943737 1.11040930 1.63250691 0.93541074 0.55328057
0.07058282 1.20920701 0.09410559 0.28049559 0.14125362 1.36993578 0.60140435 0.28801457 1.00794227 0.36600615 0.41563192 0.34455768 0.49322122 0.50632427 0.96617231 0.92011481 0.52046816 0.63914346 0.25332791 0.90288141 0.61809357 0.77260000 0.44727538 0.98504833 0.97447433 1.02924947 1.56324849 0.91727480 0.55567947
0.05009849 1.15809246 0.08417025 0.17559618 0.00000000 1.29502252 0.47682781 0.22477214 1.00298599 0.29441417 0.42962132 0.50035429 0.48643074 0.52700701 0.96069407 0.99846449 0.44122750 0.58950867 0.34867069 0.95204018 0.62983827 0.72624395 0.45077825 1.09290398 0.98832411 1.10824744 1.62901119 0.93137614 0.55227505
0.05192512 1.16060999 0.08615454 0.17934247 0.00087921 1.29696278 0.47648241 0.22513728 1.00169829 0.29526702 0.43075841 0.49896257 0.48527890 0.52660673 0.95971688 0.99715545 0.44264619 0.59125806 0.34613090 0.94897346 0.62898334 0.72670918 0.45054283 1.09112865 0.99072463 1.10713345 1.62845949 0.93127942 0.55335062
0.02900639 1.16885152 0.05977239 0.12424562 0.12413737 1.22618711 0.54124306 0.29478438 1.06094238 0.32224199 0.34733917 0.34908262 0.48057156 0.52291950 1.00684413 0.99904635 0.47825492 0.49214780 0.33778727 0.96977867 0.62882652 0.81107830 0.47247954 0.92149272 0.90333648 1.08456141 1.58459977 0.97528490 0.53508146
0.07710090 1.22736434 0.11200055 0.26632521 0.10455818 1.37594402 0.55284089 0.26517193 1.01147854 0.35269710 0.43155206 0.39963290 0.48248657 0.52015933 0.96900345 0.95647413 0.50994194 0.64173446 0.27823998 0.91347567 0.62819601 0.76503673 0.45393486 1.02750772 1.01213879 1.06503528 1.60552850 0.93906015 0.56994400
0.07218608 1.22226812 0.08837655 0.28790515 0.12920957 1.38691556 0.60588306 0.29223971 1.01955338 0.36000748 0.43365217 0.36961381 0.50996330 0.51390911 0.98119500 0.93760801 0.51739886 0.64983769 0.26012095 0.91682194 0.62371510 0.78422583 0.45283467 1.01649230 0.99576590 1.05556193 1.59832713 0.92570422 0.56636212
0.06947423 1.22895330 0.10363458 0.25095403 0.10856421 1.37344495 0.56437266 0.27249259 1.02887159 0.35495273 0.42348550 0.39354321 0.48976779 0.52505727 0.98398283 0.96816978 0.51229807 0.63173709 0.28796560 0.93253669 0.63573364 0.77711226 0.46014979 1.02572234 1.00375163 1.07476677 1.61554532 0.95040678 0.56899683
0.02832861 1.24687741 0.05815427 0.15577913 0.06985820 1.37753512 0.59365152 0.29137368 1.13292006 0.34545268 0.41137551 0.44253315 0.54341680 0.56867580 1.07798998 1.07454622 0.50400619 0.59276858 0.37430641 1.06501964 0.69084546 0.83509668 0.50075280 1.09935345 1.00030342 1.18055995 1.73444784 1.02666796 0.57936349
0.08460375 1.21813028 0.08115127 0.34188188 0.14693783 1.40017360 0.63233532 0.30743672 0.99403541 0.35898220 0.45536404 0.35530860 0.52430374 0.49872009 0.96608523 0.89969657 0.51837693 0.67466462 0.22261396 0.88067220 0.60246692 0.78510051 0.44078772 1.00788840 1.00134181 1.03298704 1.57804478 0.89267406 0.56785594
0.07480067 1.21859501 0.10857384 0.26051155 0.08366478 1.37353708 0.54346280 0.25708310 1.00790323 0.34447153 0.43791192 0.42164449 0.48610090 0.52144029 0.96650361 0.96120534 0.49977141 0.64400020 0.28694618 0.91857338 0.62903141 0.75584860 0.45229878 1.04912092 1.01507086 1.07247145 1.61281311 0.93473230 0.56919288
0.09304958 1.24263831 0.09143841 0.36185676 0.16282689 1.42493541 0.64057774 0.31297825 0.99985174 0.36951188 0.46251205 0.34754996 0.52368383 0.50198752 0.97213425 0.90174122 0.53277503 0.68985674 0.21261530 0.87674848 0.60588879 0.79559481 0.44451186 1.00711928 1.02012865 1.03594901 1.58913873 0.90213167 0.57772132
0.08022373 1.22164299 0.08306286 0.32976270 0.15293225 1.40190352 0.63674111 0.30758761 1.00442082 0.36675505 0.44439541 0.34479711 0.52055329 0.50212294 0.97223061 0.90526973 0.52526722 0.67002776 0.22836340 0.89140447 0.60988765 0.78782227 0.44456562 1.00156746 0.99460575 1.03241195 1.57734124 0.90234058 0.56598827
0.02897806 1.18740331 0.06737337 0.12093412 0.13694295 1.24178857 0.54848478 0.29759490 1.07672784 0.33496756 0.34088725 0.33749974 0.47698688 0.52957415 1.01836413 1.00950522 0.49252736 0.49505362 0.34059157 0.98108820 0.63948967 0.82078989 0.47946726 0.91756865 0.90883087 1.08940366 1.59436178 0.99279449 0.53967612
0.05308403 1.28261106 0.12537748 0.18477635 0.09272474 1.42096611 0.55623171 0.25556232 1.10399941 0.38404975 0.40050061 0.41536309 0.48052897 0.56623754 1.03827933 1.05049095 0.54130410 0.63160341 0.34904217 1.02052360 0.69599857 0.79533063 0.49321409 1.07530308 1.02855590 1.13289746 1.69206324 1.03244828 0.58465986
0.08739633 1.26701146 0.10401712 0.29455342 0.17159433 1.37689370 0.58994515 0.31309231 1.03650821 0.35915475 0.43265576 0.34903142 0.49802344 0.52047469 0.99963524 0.96132231 0.53077661 0.62416975 0.25261209 0.90461637 0.61970693 0.82797785 0.46671246 0.96859552 1.02056933 1.07745199 1.62343192 0.96129725 0.58542191
0.06729645 1.21110337 0.06875577 0.29349081 0.15301549 1.37179874 0.63617523 0.31488067 1.02251072 0.35930954 0.42693620 0.33957832 0.52466351 0.50621118 0.98731890 0.92265418 0.51769822 0.63673237 0.24752735 0.91334113 0.61429436 0.80162003 0.45151265 0.98685718 0.97279499 1.04534495 1.58318151 0.91561420 0.55991652
0.02738222 1.17961002 0.06202828 0.12017784 0.13584543 1.23406137 0.55034368 0.29954372 1.07347784 0.33119371 0.34054953 0.33667694 0.47987595 0.52690841 1.01637236 1.00529309 0.48817048 0.49110139 0.33947611 0.97893918 0.63578530 0.82016220 0.47754042 0.91459478 0.90266276 1.08688801 1.58936890 0.98699074 0.53686512
0.06133265 1.22103220 0.11204974 0.21458431 0.10401839 1.35364992 0.54394640 0.25921457 1.03400662 0.35869311 0.39938024 0.38717438 0.46953305 0.52839596 0.98091999 0.97771875 0.51256589 0.61066002 0.30542407 0.94313634 0.64377474 0.76652191 0.46265431 1.01121522 0.98637652 1.06958890 1.60281630 0.96247467 0.56056346
0.08729189 1.21644139 0.08423251 0.33744771 0.10355172 1.40416939 0.60072136 0.28831862 0.98761587 0.34116708 0.47690907 0.41104795 0.52730085 0.50533017 0.96275793 0.91884988 0.50001450 0.68443896 0.24033793 0.88735231 0.60546688 0.77032592 0.44034942 1.05844385 1.02699171 1.05869085 1.60801999 0.89297123 0.57524257
0.07047130 1.12321764 0.07819591 0.24755058 0.05548238 1.25710607 0.49839523 0.24951937 0.93433838 0.28927608 0.43260753 0.43038569 0.47798717 0.48439229 0.90685172 0.90581009 0.43802024 0.58824574 0.27255441 0.85488045 0.57273195 0.71718928 0.42064871 0.99900406 0.95572846 1.02784895 1.53020543 0.86093457 0.53589501
0.06812266 1.20368137 0.08177749 0.29073299 0.14648354 1.37437142 0.62360617 0.29847111 1.00926108 0.36644098 0.41959203 0.33739825 0.50758507 0.50316046 0.97021946 0.91135610 0.52044351 0.64440446 0.24624720 0.90437607 0.61524969 0.77846843 0.44568660 0.98646684 0.96807350 1.02636970 1.56136363 0.90824410 0.55382215
0.03787109 1.26823836 0.05570510 0.18533477 0.06044508 1.40723320 0.60038307 0.29798260 1.13748271 0.33890755 0.44278268 0.47211498 0.56358253 0.57440144 1.08978117 1.08616446 0.50264217 0.61730019 0.36999185 1.06719317 0.69168160 0.84818320 0.50419854 1.13693699 1.03624620 1.20696846 1.77398524 1.02967601 0.59606309
0.02798097 1.24542566 0.05053307 0.15565015 0.04574621 1.38001618 0.58615568 0.28845361 1.13467628 0.33183871 0.42806191 0.47613388 0.55657229 0.57301995 1.08371609 1.08804364 0.49110896 0.59734638 0.38461941 1.07439429 0.69197893 0.83560246 0.50209591 1.13241987 1.01460613 1.20261747 1.76028116 1.02646815 0.58492503
0.07987662 1.22100575 0.08268087 0.32913201 0.15271184 1.40138867 0.63693175 0.30757358 1.00450377 0.36667219 0.44402668 0.34467348 0.52067666 0.50206773 0.97224895 0.90520344 0.52505249 0.66963502 0.22864617 0.89175785 0.60992831 0.78766320 0.44452321 1.00149114 0.99388727 1.03226417 1.57699749 0.90217121 0.56566264
0.07036961 1.21259199 0.09095429 0.27994356 0.13128035 1.37436244 0.59949070 0.28782317 1.01272497 0.36097289 0.42363679 0.36029570 0.50036868 0.51014939 0.97240506 0.93000005 0.51635008 0.64185862 0.25945254 0.91061251 0.62081928 0.77597058 0.44969476 1.00198819 0.98351432 1.04295732 1.58013080 0.92107848 0.55990189
0.12334191 1.26256724 0.10226148 0.39304016 0.00930003 1.45275204 0.52073708 0.25910408 0.96785545 0.28706654 0.58103720 0.57591928 0.55178985 0.52533726 0.96489836 0.97593642 0.45938560 0.74018460 0.25783405 0.87694546 0.60127250 0.76564381 0.44376423 1.20453126 1.15790775 1.15490836 1.73395230 0.90077861 0.62651125
0.06946313 1.20933686 0.08926422 0.27694253 0.12933251 1.36922216 0.59726329 0.28760615 1.01185528 0.35843707 0.42291069 0.36177561 0.50049860 0.50964869 0.97179470 0.93034445 0.51364399 0.63826561 0.26091422 0.91060228 0.61969262 0.77555034 0.44934570 1.00100685 0.98120912 1.04347023 1.57925953 0.92010709 0.55884238
0.03615055 1.26229541 0.05197707 0.18327117 0.05915979 1.40166771 0.60162030 0.29880876 1.13574950 0.33664722 0.44161937 0.47142943 0.56526542 0.57278035 1.08854192 1.08362723 0.49969534 0.61418144 0.37011595 1.06678995 0.68974966 0.84718910 0.50297941 1.13513494 1.03106276 1.20507928 1.77020852 1.02601645 0.59366017
0.05719431 1.14826869 0.11452326 0.20194997 0.08603567 1.29079266 0.50861883 0.22993176 0.96913443 0.34588438 0.37552954 0.37154528 0.43506191 0.49889402 0.91580932 0.91708691 0.48667155 0.59131375 0.29033304 0.89068202 0.61294671 0.70342917 0.43290225 0.97001191 0.93170654 0.99929388 1.50373969 0.90322997 0.52571082
0.10421287 1.25764815 0.09327160 0.39718826 0.16098452 1.45208224 0.64843466 0.31728102 0.99358690 0.36786192 0.48836300 0.36296936 0.53582765 0.50177542 0.97238668 0.89775334 0.53457805 0.71654837 0.19880263 0.86595501 0.60177628 0.79978923 0.44281085 1.03024089 1.04765650 1.04382938 1.60679537 0.89547089 0.58930249
0.08060156 1.22074078 0.08124453 0.33210672 0.15249802 1.40131631 0.63787807 0.30894324 1.00340748 0.36507353 0.44653754 0.34609806 0.52279624 0.50146906 0.97222544 0.90433308 0.52385816 0.67039357 0.22719990 0.89023893 0.60841804 0.78874384 0.44409790 1.00248500 0.99515305 1.03312911 1.57812261 0.90049090 0.56629441
0.05435122 1.16669939 0.08592135 0.20602708 0.05156088 1.31088932 0.52096186 0.24645069 1.00121633 0.32019405 0.41647070 0.43614718 0.48492210 0.51646546 0.95790535 0.96427648 0.46797933 0.59982837 0.31441055 0.93207220 0.62334094 0.73842309 0.44729594 1.04312024 0.97091636 1.07087735 1.59176281 0.92184885 0.54759570
0.07681750 1.22213380 0.09264431 0.29943288 0.13520841 1.38785839 0.60496995 0.29200963 1.00992190 0.36145737 0.43555780 0.36329652 0.50560914 0.50957094 0.97286149 0.92682905 0.51918706 0.65436205 0.25022727 0.90326467 0.61802442 0.78042270 0.44911885 1.00820341 0.99699858 1.04538276 1.58738830 0.91850803 0.56605770
0.05312692 1.16212798 0.08377752 0.18523785 0.00000000 1.30096860 0.47945231 0.22720467 1.00161673 0.29327866 0.43665659 0.50382812 0.49041717 0.52676903 0.96139286 0.99752245 0.44134920 0.59537691 0.34461715 0.94886500 0.62809559 0.72891202 0.45049945 1.09760914 0.99537602 1.11092144 1.63410472 0.92967214 0.55551981
0.05616626 1.17765123 0.08887692 0.19312050 0.00789552 1.31758686 0.48691260 0.23078515 1.00963030 0.30110968 0.43908358 0.49903253 0.49135028 0.53049519 0.96851819 1.00211688 0.45113510 0.60398655 0.34184369 0.95234801 0.63324110 0.73655002 0.45429276 1.09955554 1.00544216 1.11512812 1.64379974 0.93850692 0.56127402
0.07681503 1.22214007 0.09264280 0.29944220 0.13522705 1.38787877 0.60499964 0.29201813 1.00993073 0.36147453 0.43555143 0.36327114 0.50561413 0.50957062 0.97286770 0.92681960 0.51920289 0.65437443 0.25021828 0.90327047 0.61803031 0.78042776 0.44911998 1.00819649 0.99699124 1.04537103 1.58738031 0.91850843 0.56605581
0.06310915 1.20026668 0.09082348 0.25347275 0.12249202 1.35456330 0.58544572 0.27960753 1.01425396 0.35790404 0.40951929 0.36158971 0.49122081 0.51121151 0.96993323 0.93600068 0.51047097 0.62457705 0.27297607 0.91845250 0.62377777 0.76821668 0.45020335 0.99582539 0.96880852 1.04163326 1.57219327 0.92485808 0.55268394
0.03966357 1.13350644 0.08122581 0.14850749 0.00751748 1.26381260 0.47540884 0.22173294 0.99823905 0.29848004 0.40064301 0.47133519 0.47193959 0.52012232 0.95025259 0.98498319 0.44018102 0.56479985 0.35161114 0.95017316 0.62703614 0.71551235 0.44671713 1.05669751 0.95049843 1.08282931 1.59029755 0.92486438 0.53508149
0.07846473 1.20400675 0.10431556 0.27336876 0.11049569 1.34726847 0.55014649 0.26917664 0.98899491 0.34246524 0.42899008 0.38713805 0.48012443 0.50672187 0.95101996 0.93196835 0.49878848 0.62922774 0.26399497 0.88802204 0.60930575 0.75820984 0.44393488 1.00069405 0.99359313 1.04387751 1.57405732 0.91536060 0.56057378
0.09671893 1.24154483 0.08772445 0.38025632 0.16755402 1.43127569 0.65139544 0.31861763 0.99268819 0.36906194 0.47096979 0.34441075 0.53066859 0.49749262 0.96863648 0.89009529 0.53294695 0.69948207 0.20078011 0.86675459 0.59959404 0.79663267 0.44086968 1.00752035 1.02274866 1.03020086 1.58490216 0.89131235 0.57864286
0.08002643 1.21426669 0.08465215 0.33823502 0.16871168 1.40315576 0.65054439 0.30975026 0.99578463 0.37728419 0.43496339 0.31837631 0.51500173 0.49470590 0.96214789 0.88368818 0.53328172 0.67436913 0.21459072 0.87950461 0.60557248 0.78087482 0.43906168 0.98085140 0.97948870 1.00719369 1.54879247 0.89055503 0.55851167
0.07273434 1.23856106 0.11155204 0.25400445 0.11168992 1.38166601 0.56051081 0.27003270 1.03034220 0.35943609 0.42398235 0.39289950 0.48443322 0.52723344 0.98422784 0.97111140 0.51776982 0.63635184 0.28710230 0.93132867 0.63853539 0.77728488 0.46170601 1.02596740 1.01155659 1.07556904 1.61885623 0.95621432 0.57241990
0.07948644 1.23252105 0.08430256 0.33076534 0.16143840 1.41453195 0.64783354 0.31211935 1.01548384 0.37491305 0.44232111 0.33704648 0.52310335 0.50597958 0.98140289 0.91042324 0.53429017 0.67441595 0.22875152 0.90009921 0.61649014 0.79575100 0.44882912 1.00188419 0.99747761 1.03598134 1.58488433 0.91137979 0.56888252
0.05239693 1.15996805 0.08159529 0.18450910 0.00019835 1.29771210 0.48096693 0.22892053 1.00148047 0.29225707 0.43578696 0.50191946 0.49157110 0.52594004 0.96160083 0.99642088 0.44034220 0.59289314 0.34414857 0.94851934 0.62688359 0.73012222 0.45024792 1.09473476 0.99260932 1.11023389 1.63246245 0.92848551 0.55457669
0.07360897 1.25204438 0.13004698 0.24076366 0.12397745 1.38552391 0.54927897 0.26213102 1.03712682 0.37374105 0.40711117 0.37636157 0.46297260 0.53161857 0.98356498 0.97739271 0.53197938 0.63168125 0.29125619 0.93359416 0.64756986 0.77455891 0.46592316 1.00814112 1.01080339 1.06843478 1.61134129 0.97317282 0.57239463
0.07302884 1.14641711 0.07976933 0.26587183 0.06456067 1.29543354 0.52377564 0.25741659 0.95029197 0.30320428 0.44235339 0.42765413 0.49030242 0.49117963 0.92242325 0.91197770 0.45379757 0.61259483 0.26803737 0.86768462 0.58373248 0.72928521 0.42645965 1.01794244 0.97305898 1.03735539 1.55186200 0.87110630 0.54537476
0.07859182 1.11729469 0.06903111 0.28118884 0.04665859 1.26456037 0.50544370 0.25482019 0.91623881 0.27704466 0.45881765 0.44809096 0.49472168 0.47710765 0.89845738 0.89047229 0.42729946 0.60659230 0.25638292 0.83620258 0.55870489 0.71515451 0.41286795 1.01769997 0.96958090 1.02834708 1.53394642 0.83795923 0.54026497
0.05119995 1.15902223 0.08175269 0.18190248 0.00000000 1.29843289 0.48123360 0.22753547 1.00245010 0.29336231 0.43421264 0.50199625 0.49102752 0.52646388 0.96176127 0.99698472 0.44075358 0.59318364 0.34586222 0.95086293 0.62844315 0.72848554 0.45039143 1.09629973 0.99114428 1.10975940 1.63190750 0.92901844 0.55371197
0.07027082 1.11149342 0.07987412 0.25095964 0.06957081 1.24712422 0.50367281 0.25021929 0.92218146 0.29520826 0.42107131 0.40538701 0.46884150 0.47565525 0.89356366 0.88445581 0.44164664 0.58458073 0.26032274 0.83929874 0.56525658 0.70895476 0.41429688 0.97216221 0.93765359 1.00213890 1.49806451 0.84818268 0.52695488
0.08148095 1.22936153 0.09407574 0.31272717 0.13653258 1.39762448 0.60751635 0.29437261 1.00822885 0.36117997 0.44471507 0.36755373 0.50939125 0.50966788 0.97352202 0.92594345 0.52066534 0.66330841 0.24466244 0.89872079 0.61640975 0.78349498 0.44897319 1.01444139 1.00778603 1.04861431 1.59430315 0.91736318 0.57090944
0.08286085 1.13835743 0.07891416 0.28769139 0.06009961 1.28265506 0.51013924 0.25778771 0.92639388 0.28797334 0.45840627 0.43927626 0.49091615 0.48212283 0.90637220 0.89742355 0.44091587 0.61402424 0.25373636 0.83939218 0.56558262 0.72435481 0.41818378 1.01450213 0.98156636 1.03230535 1.54383648 0.85193197 0.54728771
0.08617858 1.23755307 0.10526229 0.32303724 0.16234917 1.40305508 0.61465690 0.29771723 1.00434225 0.37556627 0.43424556 0.33643952 0.49648745 0.50543890 0.96700650 0.91155970 0.53570877 0.66586386 0.22974973 0.88444918 0.61421632 0.78414050 0.44742611 0.98470408 1.00255990 1.02777105 1.57244684 0.91741727 0.56922711
0.08353735 1.15119337 0.08100874 0.29214917 0.06677439 1.29862056 0.52037782 0.26171739 0.93660045 0.29552703 0.45976682 0.43532096 0.49437493 0.48635356 0.91536529 0.90311679 0.44969272 0.62175071 0.25345076 0.84718615 0.57207902 0.73198494 0.42233085 1.01920683 0.98867040 1.03768717 1.55446877 0.86065335 0.55181040
0.08139434 1.26148468 0.07105973 0.34521850 0.18348251 1.43267096 0.67875389 0.34095994 1.04467900 0.37597249 0.45483350 0.33115996 0.54953159 0.51444671 1.01479643 0.93026156 0.54363657 0.67512698 0.22602440 0.91763355 0.62170184 0.83823639 0.46155284 1.00382256 1.01456935 1.06617005 1.62591251 0.93175183 0.58383298
0.02811742 1.18184674 0.06517074 0.12135039 0.13376431 1.23953223 0.54900559 0.29653645 1.07321369 0.33335855 0.34142818 0.33892567 0.47811761 0.52785118 1.01541978 1.00578984 0.48990203 0.49568235 0.33992765 0.97950627 0.63774471 0.81715660 0.47750229 0.91928462 0.90580501 1.08656012 1.59036627 0.98780487 0.53763765
0.08067824 1.21732418 0.08604862 0.32664421 0.15129753 1.39505324 0.62876331 0.30344608 0.99886077 0.36543981 0.44143644 0.34436822 0.51437671 0.50030518 0.96614638 0.90228352 0.52323484 0.66650091 0.22832314 0.88621611 0.60761331 0.78217923 0.44260083 0.99642866 0.99157442 1.02735886 1.56958498 0.89978132 0.56371633
0.07860285 1.21821573 0.08178837 0.32376717 0.14925850 1.39609853 0.63271746 0.30609842 1.00459102 0.36410542 0.44268870 0.34774937 0.51987511 0.50241781 0.97210879 0.90758288 0.52221511 0.66538538 0.23203980 0.89334795 0.60991900 0.78673733 0.44470828 1.00182610 0.99206528 1.03410269 1.57750562 0.90282540 0.56475122
0.09454647 1.25684429 0.08602106 0.36754307 0.14442118 1.44407095 0.64147555 0.31471327 1.01276109 0.36163113 0.48344643 0.38102698 0.54155080 0.51153147 0.98855487 0.92395590 0.52780574 0.70222395 0.22322737 0.89413770 0.61339332 0.80619421 0.45089814 1.04736981 1.04572542 1.06771363 1.63091647 0.91247501 0.58996050
0.10013822 1.25804955 0.07744539 0.41449816 0.19610117 1.46218050 0.69844998 0.34324168 1.00359855 0.38207375 0.48134674 0.31977893 0.55313907 0.49597001 0.98345448 0.87859678 0.54925860 0.72049600 0.17951978 0.86713642 0.59932436 0.81947409 0.44308965 1.00411111 1.02835097 1.02795826 1.59203116 0.88842463 0.58496334
0.03665993 1.19489241 0.06647438 0.14869973 0.13818554 1.25951020 0.55809459 0.30264693 1.07002357 0.33391172 0.35881504 0.34426213 0.48698205 0.52732457 1.01690708 1.00178426 0.49359768 0.51407002 0.32753926 0.97065813 0.63432882 0.82355281 0.47682025 0.93031325 0.92479653 1.09089864 1.60185554 0.98401628 0.54630874
0.07525869 1.24016736 0.10760817 0.26586382 0.11376440 1.38609144 0.56756604 0.27544044 1.02837906 0.35721721 0.43184864 0.39442001 0.49177269 0.52566033 0.98531957 0.96754149 0.51685201 0.64174720 0.28101021 0.92727451 0.63494604 0.78168505 0.46075070 1.02915384 1.01623646 1.07728762 1.62254658 0.95160447 0.57491310
0.08257455 1.22746493 0.08718700 0.33291892 0.15769590 1.40532029 0.63571520 0.30799406 1.00493196 0.36931113 0.44436127 0.34156680 0.51762011 0.50265482 0.97238162 0.90567548 0.52882725 0.67149729 0.22608183 0.88893214 0.61026617 0.78966283 0.44536897 0.99788484 0.99833554 1.03186106 1.57787725 0.90527326 0.56796287
0.04083359 1.27544213 0.05833718 0.19290926 0.06503839 1.41481155 0.60315468 0.30007162 1.13845446 0.34142212 0.44613501 0.47047092 0.56418413 0.57503968 1.09130712 1.08614432 0.50646321 0.62247941 0.36618426 1.06506480 0.69197223 0.85151216 0.50501024 1.13724593 1.04255499 1.20798665 1.77757190 1.03156125 0.59929023
0.02891745 1.18326048 0.06553811 0.12324246 0.13304667 1.24134459 0.54868550 0.29651930 1.07308894 0.33298092 0.34336090 0.34091785 0.47879760 0.52816389 1.01569849 1.00640515 0.48983684 0.49730151 0.33959508 0.97918553 0.63772480 0.81752216 0.47761139 0.92151505 0.90828666 1.08793916 1.59251537 0.98796269 0.53869868
0.07720441 1.24265034 0.11258856 0.26683372 0.10982212 1.38946606 0.56086141 0.27062737 1.02602289 0.35756574 0.43371058 0.39974307 0.48786232 0.52653566 0.98255407 0.96886398 0.51709837 0.64532022 0.28188266 0.92550783 0.63588889 0.77741331 0.46039194 1.03393894 1.02150220 1.07774909 1.62394476 0.95252603 0.57631485
0.08009865 1.22701517 0.07053471 0.35647043 0.18642961 1.41983432 0.68504405 0.33229352 1.01128023 0.38085488 0.44431612 0.30714386 0.53829861 0.49644041 0.98153362 0.88526859 0.54070431 0.68194224 0.20560284 0.88819199 0.60652469 0.80641366 0.44411904 0.98211004 0.98444548 1.01800459 1.56669829 0.89398648 0.56510146
0.07999949 1.22124851 0.08284379 0.32931889 0.15281903 1.40154835 0.63683450 0.30757094 1.00448607 0.36671719 0.44411915 0.34468042 0.52059153 0.50209246 0.97224192 0.90524083 0.52514626 0.66974010 0.22855566 0.89163191 0.60992250 0.78772401 0.44454674 1.00146112 0.99412911 1.03230560 1.57710026 0.90226363 0.56577508
0.09366252 1.26726091 0.11978425 0.31252818 0.12096522 1.42054073 0.57014249 0.27938104 1.01859767 0.35949562 0.46060156 0.40530017 0.49656503 0.52523637 0.98233509 0.96166784 0.52497973 0.67375160 0.25961428 0.90590751 0.62911484 0.78756403 0.45919819 1.04499508 1.05446995 1.08240459 1.63971717 0.94809541 0.59132599
0.06622838 1.22417231 0.10375813 0.23901460 0.10678477 1.36435018 0.55899999 0.26970497 1.03024278 0.35436697 0.41613771 0.39172129 0.48528057 0.52548488 0.98336398 0.97066957 0.51063507 0.62321217 0.29348027 0.93592006 0.63709589 0.77475372 0.46066777 1.02046741 0.99646818 1.07357172 1.61128009 0.95280989 0.56571867
0.07476891 1.21991836 0.07149362 0.33586413 0.17775370 1.40757721 0.67317477 0.32494069 1.01402764 0.37877768 0.43474784 0.31131436 0.53147064 0.49866277 0.98098840 0.89266725 0.53661976 0.67038721 0.21761548 0.89631653 0.61046234 0.80058268 0.44535692 0.98153654 0.97618153 1.01979007 1.56457169 0.89900471 0.56085240
0.03737275 1.26762749 0.05623976 0.18317072 0.06083644 1.40570730 0.59939762 0.29738390 1.13766700 0.33933941 0.44091934 0.47081606 0.56213022 0.57441051 1.08942679 1.08629268 0.50285985 0.61574350 0.37071123 1.06748607 0.69199203 0.84761556 0.50427550 1.13503831 1.03469118 1.20606418 1.77245880 1.03026850 0.59536488
0.04747292 1.18788270 0.09281632 0.15629082 0.00879030 1.30956847 0.47724799 0.22837622 1.03516037 0.30587345 0.42030729 0.49655515 0.48311556 0.54216386 0.98625958 1.03069307 0.45642245 0.58267455 0.36547951 0.97999442 0.64926004 0.74713538 0.46596709 1.09387931 1.00010911 1.13224303 1.66021824 0.96803775 0.56189753
0.04083311 1.27512329 0.05691430 0.19462491 0.06369541 1.41621351 0.60477128 0.30068028 1.13843205 0.34065727 0.44814927 0.47246980 0.56648287 0.57503533 1.09188592 1.08604767 0.50570923 0.62411163 0.36593509 1.06557221 0.69178330 0.85183955 0.50485309 1.14031752 1.04355241 1.20917631 1.77934083 1.03049452 0.59969478
0.07705233 1.22064219 0.10368458 0.27893742 0.10519233 1.37967954 0.56677798 0.27068007 1.00640103 0.35126982 0.43797823 0.39792004 0.49265219 0.51591597 0.96711969 0.94561621 0.50778711 0.64933063 0.27017651 0.90912931 0.62333018 0.76484572 0.45028963 1.03147829 1.00923942 1.06003726 1.60105783 0.92700484 0.56833486
0.04093480 1.27233089 0.05631675 0.19491374 0.06318602 1.41309397 0.60353337 0.30037069 1.13576189 0.33927625 0.44805737 0.47231015 0.56598064 0.57372277 1.08965173 1.08375670 0.50411028 0.62292616 0.36495531 1.06302812 0.68991339 0.85036744 0.50370506 1.13851944 1.04185744 1.20718590 1.77623403 1.02791185 0.59866999
0.05036880 1.16036191 0.08571413 0.17555996 0.00000000 1.29716047 0.47705798 0.22456245 1.00424946 0.29610775 0.42890968 0.49907284 0.48537059 0.52768506 0.96140266 0.99931599 0.44304774 0.59031840 0.34874697 0.95274513 0.63101737 0.72669282 0.45139847 1.09246597 0.98927904 1.10827519 1.62962084 0.93321450 0.55281586
0.05374443 1.18323498 0.08981518 0.18143976 0.00940775 1.31505179 0.48399327 0.23158725 1.01971181 0.30210959 0.43377367 0.49853324 0.48966854 0.53499182 0.97635874 1.01351787 0.45306214 0.59607739 0.34978352 0.96210982 0.63859751 0.74296729 0.45908568 1.09728446 1.00537368 1.12333885 1.65231451 0.95008437 0.56272823
0.07583003 1.19495492 0.08315107 0.31643464 0.15099704 1.37394756 0.62528155 0.29871072 0.98615546 0.36412735 0.42840638 0.33183855 0.50610806 0.49243590 0.95197804 0.88616599 0.51776088 0.65550995 0.22612751 0.87713722 0.60089893 0.76822941 0.43577372 0.97831086 0.96828603 1.00663582 1.53948024 0.88568633 0.55149155
0.07941314 1.22116409 0.08495664 0.32380508 0.15174897 1.39810867 0.63161140 0.30522235 1.00515738 0.36656081 0.44111843 0.34512309 0.51687884 0.50292468 0.97180840 0.90788592 0.52484140 0.66603870 0.23154646 0.89271820 0.61098213 0.78653892 0.44519824 0.99939809 0.99311771 1.03279444 1.57657186 0.90500852 0.56524957
0.05934194 1.17069022 0.08395126 0.20675251 0.00546042 1.31474866 0.48891215 0.23334065 0.99850288 0.29455770 0.44826038 0.50338113 0.49708203 0.52519359 0.96182956 0.99167485 0.44488779 0.60839724 0.33324546 0.94061502 0.62443748 0.73421241 0.44942227 1.10156318 1.00685969 1.11117193 1.63900973 0.92529552 0.56097739
0.02870588 1.16824092 0.05992692 0.12346225 0.12394302 1.22585467 0.54105622 0.29430757 1.06079780 0.32252639 0.34662294 0.34868827 0.48005445 0.52284451 1.00645984 0.99876839 0.47830735 0.49194032 0.33805174 0.96993547 0.62900101 0.81035589 0.47235025 0.92121045 0.90253252 1.08387220 1.58366437 0.97513967 0.53462869
0.08163476 1.22394490 0.08423864 0.33276017 0.15348390 1.40413013 0.63629308 0.30776047 1.00388181 0.36683888 0.44634849 0.34572840 0.52055550 0.50224604 0.97212118 0.90532208 0.52586502 0.67195052 0.22707279 0.88990711 0.60955088 0.78841797 0.44461092 1.00247308 0.99761685 1.03311280 1.57889568 0.90257472 0.56732025
0.07500257 1.20418570 0.08130926 0.30838898 0.14857387 1.37288297 0.62124148 0.30207477 0.99819394 0.35998651 0.43073790 0.34118558 0.51039242 0.49860907 0.96405718 0.90325085 0.51630094 0.64853468 0.23537939 0.88853060 0.60553254 0.78000790 0.44203839 0.98431765 0.97613756 1.02479050 1.56010782 0.89899899 0.55705149
0.07050801 1.30704726 0.09573423 0.22726334 0.04528728 1.42913854 0.53976418 0.27691740 1.10955014 0.32659223 0.48158777 0.52013428 0.53985690 0.57753998 1.06920916 1.09633147 0.49978876 0.64365394 0.35742239 1.02556788 0.68129399 0.83831429 0.50175602 1.16094081 1.10518856 1.22437839 1.80231517 1.03567543 0.62232799
0.06526724 1.18973367 0.07495525 0.28390615 0.13328116 1.36026194 0.61598121 0.29522920 1.00300703 0.35620333 0.42153117 0.34934904 0.51049000 0.50092212 0.96579954 0.91061801 0.50874670 0.63771350 0.25105019 0.90379601 0.61092906 0.77255059 0.44279109 0.99244520 0.96248213 1.02823453 1.55934301 0.90047874 0.55014682
0.07924178 1.24880560 0.11421253 0.27279872 0.11749561 1.39473386 0.56578817 0.27430765 1.02789165 0.36093250 0.43438116 0.39353910 0.48824700 0.52664431 0.98459654 0.96778289 0.52168739 0.64794877 0.27760566 0.92362455 0.63593922 0.78204149 0.46134374 1.02944848 1.02429575 1.07693391 1.62479015 0.95454517 0.57837927
0.07901785 1.24844219 0.11464829 0.27123294 0.11688819 1.39361701 0.56428628 0.27356007 1.02788817 0.36072647 0.43362637 0.39390576 0.48731204 0.52680180 0.98432801 0.96838802 0.52138192 0.64693721 0.27847643 0.92389090 0.63614547 0.78149239 0.46142193 1.02910847 1.02388732 1.07701149 1.62452337 0.95503840 0.57813208
0.08136046 1.21554685 0.08661981 0.32926519 0.14631324 1.39756045 0.62699592 0.30057956 0.99551737 0.36446753 0.44453126 0.34962350 0.51470364 0.49982731 0.96334872 0.90061616 0.52159759 0.67082058 0.22800604 0.88471944 0.60713912 0.77782846 0.44112081 1.00287221 0.99382220 1.02673427 1.56947236 0.89653077 0.56372842
