ratio               RMSE                MAE                 
=====================lc_内分泌科===================
0.50                0.22369627979       0.144969266575      
0.55                0.223954612445      0.149408357591      
0.60                0.221008636483      0.145518856519      
0.65                0.2122190261        0.142746878623      
0.70                0.194975861803      0.128367700175      
0.75                0.19741700818       0.130534882753      
0.80                0.21592000648       0.137858181054      
0.85                0.215533561011      0.143224156577      
0.90                0.23298203159       0.148732969853      
0.95                0.258884322115      0.169953319099      
=====================lc_神经内科===================
0.50                0.324161864331      0.240212522038      
0.55                0.295124918422      0.220330903751      
0.60                0.294803998516      0.217736724773      
0.65                0.26813316279       0.206450815757      
0.70                0.27950588723       0.217346223159      
0.75                0.27648642251       0.205868186745      
0.80                0.252860259596      0.184302930638      
0.85                0.233156306946      0.182746586179      
0.90                0.249501277888      0.18743828458       
0.95                0.275526506725      0.190983630409
ratio               RMSE                MAE                 
=====================lc_内分泌科===================
0.50                0.216961170692      0.137526333585
ratio               RMSE                MAE                 
=====================lc_内分泌科===================
0.50                0.242246977257      0.155159151408      
0.55                0.224366282704      0.146687923123      
0.60                0.223012787511      0.145888760841      
ratio               RMSE                MAE                 
=====================tp_内分泌科===================
0.50                0.223106709876      0.145021678512      
0.55                0.235643731296      0.152180477758      
0.60                0.222759414963      0.146903594175      
0.65                0.203550640209      0.136483157453      
0.70                0.203210677718      0.138280931795      
0.75                0.207603536754      0.134378097121      
0.80                0.208698404965      0.134444794028      
0.85                0.208073994883      0.138830890658      
0.90                0.222899026391      0.139636791943      
0.95                0.269023865405      0.177811742717      
ratio               RMSE                MAE                 
=====================tp_内分泌科===================
