0.00692277 1.15767465 0.01345067 0.08195969 0.00000000 1.21480311 0.66403965 0.31906768 1.02964440 0.35577395 0.31622753 0.54282439 0.59090742 0.90168539 0.97865673 1.11871373 0.52077252 0.83848383 0.62999130 1.08220961 0.68647449 0.70814725 0.77604180 0.99050436 1.09680217 1.36854411 1.10434950 0.96200459 0.71035905
0.01428571 1.00000000 0.04755691 0.19551918 0.04193212 1.09775889 0.68995246 0.21509828 0.99358094 0.34689565 0.30133026 0.48040196 0.49079342 0.81279815 1.03484740 0.98955926 0.57223956 0.82708212 0.53245974 0.94983081 0.53010716 0.73500758 0.76504164 0.92696633 1.01710821 1.27362652 1.03399739 1.04194732 0.58536950
0.00692769 1.15778001 0.01345008 0.08192862 0.00000000 1.21504954 0.66411941 0.31915173 1.02979693 0.35583324 0.31631028 0.54286476 0.59103764 0.90179345 0.97887796 1.11889739 0.52090351 0.83859935 0.63011892 1.08244838 0.68655095 0.70836211 0.77620946 0.99067795 1.09691727 1.36871961 1.10450818 0.96229379 0.71048821
0.28095238 0.92667017 0.16216216 0.12500000 0.03773585 1.00000000 0.50000000 0.30049065 0.93516960 0.33241171 0.33219094 0.35632318 0.49708908 0.67330947 0.74286230 1.02066880 0.44493445 0.70823436 0.58801925 0.89817454 0.61280193 0.62143106 0.58427725 0.91726334 0.94796123 1.09775763 0.98015042 0.82388614 0.56001356
0.01904762 0.97267937 0.02702703 0.21968824 0.00000000 1.05533906 0.57744502 0.20000000 1.00000000 0.34404652 0.33666946 0.41017242 0.48962918 0.70515308 0.76966932 1.01151759 0.44891866 0.72117497 0.56415024 0.91316098 0.62513282 0.63247133 0.60258140 0.92454983 0.98048075 1.13612423 0.99922004 0.83352108 0.56660867
0.18571429 0.79126674 0.02702703 0.06250000 0.19075913 1.09464800 0.53528310 0.29909585 0.94176403 0.35964793 0.41069948 0.33393286 0.50520049 0.60173313 0.89030348 0.95860117 0.54317793 0.66924380 0.55334602 0.99218845 0.52603426 0.83737588 0.66484195 0.93724044 0.85551618 1.01757893 0.94803417 1.10244404 0.54200619
0.00476190 1.05992472 0.07257894 0.15127712 0.01276166 1.16534981 0.62181705 0.31918252 1.01327773 0.35815107 0.34399602 0.45732146 0.55588923 0.79575188 0.87869882 1.09552379 0.49693396 0.78684724 0.62235439 1.01963880 0.66728810 0.69438015 0.69294381 0.98462764 1.04569597 1.25338919 1.06981099 0.92679469 0.64632689
0.01428571 1.06045213 0.05075817 0.13887807 0.01049006 1.15495479 0.60857848 0.31779493 0.99353500 0.35261454 0.33841043 0.47936572 0.55644694 0.80250942 0.88447604 1.07067909 0.48950081 0.77076787 0.60551822 1.02974802 0.66320046 0.69644563 0.70124395 0.96460571 1.02919861 1.24777163 1.05095209 0.92447498 0.65392657
0.03909862 1.15473932 0.04668594 0.21689181 0.00000000 1.12120603 0.70419743 0.24046096 1.04370269 0.36140257 0.30033736 0.55292913 0.50965637 0.88086078 0.95365270 1.05873365 0.51284568 0.85057009 0.55900067 0.97139533 0.64536657 0.65622076 0.73210547 0.96552578 1.12000068 1.35810449 1.09930455 0.90751350 0.63113824
0.01904762 0.96855172 0.10752909 0.12500000 0.01886792 1.09651637 0.58276754 0.30705796 0.96738417 0.34252505 0.33777904 0.38006093 0.51634674 0.71055512 0.78673284 1.05414848 0.46570603 0.74015050 0.60580369 0.93413526 0.63071292 0.64539348 0.61764766 0.94636324 0.98495116 1.15036692 1.01589809 0.86027882 0.58533028
0.04285714 0.80299062 0.05405405 0.12500000 0.11320755 1.08947054 0.53263354 0.29558091 0.96687631 0.37792482 0.43927400 0.35817482 0.49485576 0.59089801 0.87626314 0.95069214 0.53780315 0.65664818 0.53434754 1.00585286 0.54516398 0.85930676 0.65307029 0.95433645 0.87009673 1.00995996 0.96016089 1.11044631 0.53396528
0.03333333 0.96500028 0.02702703 0.12500000 0.00000000 1.06375871 0.57305101 0.29280744 1.00000000 0.25000000 0.33586107 0.39540877 0.49708623 0.70091466 0.76517270 1.02204904 0.44933558 0.72128985 0.57722572 0.91539183 0.62623705 0.63107952 0.60102683 0.92705791 0.97547927 1.13174702 0.99864970 0.83337097 0.57041244
0.10476190 0.79507587 0.11490041 0.27158235 0.17312202 1.07441389 0.54336787 0.28199063 0.93938537 0.35803367 0.25000000 0.33333333 0.48994045 0.60462339 0.89061820 0.94226347 0.54067429 0.67189813 0.53629679 0.97142027 0.51621512 0.82409859 0.66110803 0.92637004 0.85879048 1.02029290 0.94372283 1.08924802 0.52998054
0.02857143 1.11675665 0.08108108 0.06250000 0.01683140 1.20782350 0.63937782 0.32931487 1.01548696 0.35423746 0.32790462 0.51274323 0.58969327 0.86515217 0.95193068 1.11052712 0.51469767 0.81342278 0.63258507 1.07813764 0.67970497 0.71587423 0.75636895 0.98627932 1.06683870 1.32373899 1.08579310 0.96399766 0.69881321
0.03809524 0.80412706 0.12747587 0.33583977 0.16563955 1.08715249 0.53157641 0.29492469 0.96501785 0.37725456 0.43809784 0.36049060 0.49406725 0.59165712 0.87454106 0.94831082 0.53579860 0.65520209 0.53239569 1.00496078 0.54547524 0.85695193 0.65229335 0.95204314 0.86945676 1.00961473 0.95850837 1.10676046 0.53406572
0.06190476 0.94363866 0.18918919 0.37500000 0.00421103 1.05480847 0.56519678 0.29358729 0.95038071 0.25000000 0.33876590 0.37359032 0.50000000 0.67976608 0.74504078 1.01993767 0.44509971 0.71286029 0.57904473 0.90033148 0.62081512 0.62525802 0.58430248 0.92522131 0.96438156 1.10904988 0.99135354 0.82463953 0.55774917
0.00476190 0.78685164 0.02702703 0.06250000 0.18684052 1.08057220 0.53464008 0.20000000 0.92804940 0.35262289 0.39839499 0.33462918 0.49874123 0.60350452 0.89018225 0.94504857 0.53956655 0.66733569 0.54495147 0.97769783 0.51486577 0.82372480 0.66399566 0.92162490 0.84727448 1.01471906 0.93633167 1.08981247 0.53737017
0.06666667 0.67984444 0.12806814 0.06250000 1.00000000 1.14496600 0.49595589 0.20000000 0.90425013 0.34349611 0.42136208 0.22290328 0.54765263 0.54306021 0.90841524 0.98911475 0.57664415 0.65121424 0.61738574 1.01993977 0.48723630 0.89018619 0.67784638 0.94314792 0.77655558 0.94938504 0.91743430 1.18661735 0.55086810
0.01904762 0.79768269 0.12253788 0.30983666 0.16704028 1.07679273 0.53596420 0.28700428 0.95156630 0.36801975 0.25000000 0.35179163 0.48928595 0.59497709 0.87841805 0.94198496 0.53629303 0.66083083 0.53132344 0.98535527 0.53044833 0.83934964 0.65327889 0.93789108 0.86282464 1.01102702 0.94936461 1.09506694 0.52912790
0.08095238 1.04679998 0.02702703 0.12500000 0.01886792 1.13429323 0.70980399 0.22572068 1.02035442 0.50000000 0.30555173 0.49415453 0.51017416 0.84263162 1.06283259 1.02513113 0.58624638 0.85393004 0.55460476 0.97939312 0.55016171 0.74925850 0.78834911 0.95366258 1.04920918 1.31677139 1.06560047 1.06410939 0.60863120
0.06190476 0.76975426 0.02702703 0.06250000 0.21480663 1.09818573 0.51857882 0.31167643 0.91780135 0.34853455 0.40211400 0.31435188 0.51597563 0.59414329 0.88494369 0.95806272 0.53974719 0.65867086 0.56519264 0.99444559 0.51838675 0.83239571 0.66518341 0.92440313 0.83060549 1.00085297 0.93023226 1.09890857 0.54901651
0.07142857 0.92968701 0.02702703 0.27456927 0.15188171 1.18067266 0.62218080 0.29628729 1.03537634 0.38823374 0.41589726 0.42225795 0.53986278 1.00000000 1.00000000 1.03664636 0.59215022 0.76455749 0.58142059 1.06802604 0.57533047 0.88002301 0.75027499 1.00875263 0.97520803 1.17790178 1.04983563 1.17407125 0.60115877
0.03809524 0.80370403 0.12654062 0.32804044 0.16823620 1.08844844 0.53407328 0.29427977 0.96390602 0.37567793 0.43483975 0.35800560 0.49490733 0.59394033 0.87880186 0.94999487 0.53809044 0.65872225 0.53460499 1.00316998 0.54259629 0.85545044 0.65495646 0.95121659 0.86949584 1.01259309 0.95869828 1.10811933 0.53463025
0.12857143 0.83707432 0.10810811 0.18750000 0.01886792 1.13756788 0.57557680 0.29982804 0.98887840 0.50000000 0.41885940 0.35240938 0.52017715 0.63959164 0.94040753 1.00000000 0.57212202 0.71441106 0.57435565 1.02094052 0.54260131 0.86333362 0.69827314 0.97748898 0.90610007 1.07953243 0.99666838 1.14628363 0.56074930
0.03809524 0.82557957 0.02702703 0.31250000 0.01886792 1.07603954 0.53642483 0.28567345 0.96221235 0.37537537 0.42868060 0.38544013 0.48845979 0.60873485 0.87637926 0.93711464 0.52821025 0.65709424 0.51874804 1.00092596 0.54892908 0.84310930 0.65539899 0.94203614 0.87828083 1.02448136 0.95734236 1.08821184 0.53711462
0.01904762 0.94718950 0.09990634 0.06250000 0.02118377 1.06914796 0.57089300 0.29952807 0.93580047 0.32756094 0.31739262 0.36596237 0.50596958 0.70025705 0.76800966 1.03178730 0.45270501 0.72774333 0.59668486 0.90349701 0.61195790 0.61513995 0.60417145 0.91658914 0.96018724 1.12861134 0.98840953 0.82708582 0.57404086
0.09302126 0.80247081 0.12844491 0.33620757 0.16710083 1.08734519 0.53172243 0.29488664 0.96525428 0.37735705 0.43849131 0.35873858 0.49390158 0.59045071 0.87481079 0.94861925 0.53657422 0.65537439 0.53285649 1.00443328 0.54459459 0.85772897 0.65210389 0.95249450 0.86892346 1.00867417 0.95852375 1.10814259 0.53329116
0.40000000 0.94250066 0.10966997 0.17483167 0.01114849 1.05615588 0.57122328 0.29090602 0.94249248 0.33323447 0.25000000 0.33333333 0.49345692 0.68847206 0.75821578 1.02135686 0.50000000 0.72194460 0.58370024 0.89396851 0.61055290 0.61780536 0.59323786 0.91817797 0.96179407 1.11783948 0.98834153 0.82543694 0.56040595
0.05238095 0.94114155 0.08108108 0.20834188 0.01886792 1.05025129 0.50000000 0.29381049 0.94405924 0.33988885 0.34119052 0.38277366 0.49057848 0.67816924 0.74499973 1.00822731 0.44176406 0.70270408 0.57041772 0.90690978 0.62037690 0.63092269 0.58569514 0.91894331 0.95627109 1.10204465 0.98344469 0.82700062 0.55937127
0.01904762 0.95491771 0.11192877 0.20822685 0.00187029 1.06236958 0.56802656 0.29533279 0.95652141 0.34317798 0.34209481 0.38586652 0.49543033 0.68884845 0.75479993 1.02276717 0.44779761 0.71568127 0.57868952 0.91313113 0.62681422 0.63376470 0.59269456 0.93013971 0.97118088 1.11952352 0.99735969 0.83358956 0.56510616
0.01904762 0.82922075 0.08108108 0.18750000 0.16770915 1.10375078 0.56535200 0.28457291 0.97388223 0.37199438 0.41560209 0.36603027 0.50057357 0.62892792 0.92240683 0.96668887 0.55754120 0.69492395 0.54472303 1.00135645 0.53374229 0.85063974 0.68360870 0.95558850 0.89268644 1.05888211 0.97643184 1.12308565 0.54500915
0.00952381 0.80389933 0.12590509 0.32625496 0.16831529 1.08846309 0.53402069 0.29435530 0.96324539 0.37526228 0.43414776 0.35810162 0.49516818 0.59451012 0.87907571 0.94994027 0.53797410 0.65884585 0.53477486 1.00311364 0.54241609 0.85485638 0.65530699 0.95065998 0.86925251 1.01296533 0.95835591 1.10763379 0.53504044
0.06190476 0.81013583 0.27027027 0.56250000 0.15648506 1.06746824 0.55910194 0.20000000 0.95123879 0.25000000 0.40106402 0.35994853 0.47980398 0.61533362 0.90449152 0.93597277 0.54603310 0.68264503 0.52324460 0.96495416 0.51320058 0.82506471 0.66687661 0.92839164 0.87413095 1.03644128 0.95235679 1.09364590 0.52410818
0.01428571 1.15594462 0.01242266 0.06250000 0.01886792 1.21564237 0.66431836 0.31970640 1.02694635 0.35372164 0.31311692 0.53926146 0.59218716 0.90250048 0.97988139 1.12014075 0.52145433 0.84001468 0.63266333 1.08048021 0.68434543 0.70561040 0.77707394 0.98888872 1.09513511 1.36913537 1.10314091 0.96109634 0.71113575
0.09251670 0.80250215 0.12761109 0.33027252 0.16880718 1.08834282 0.53372378 0.29435394 0.96447192 0.37616500 0.43593574 0.35714677 0.49455489 0.59245764 0.87811837 0.94992279 0.53826313 0.65815145 0.53448518 1.00313087 0.54253767 0.85646979 0.65421469 0.95186021 0.86916000 1.01123053 0.95876790 1.10901650 0.53383692
0.04285714 0.88960159 0.10692964 0.31250000 0.10545024 1.10079516 0.56121608 0.29457523 0.97893294 0.25000000 0.40671488 0.33333333 0.50605932 0.65837456 0.87516466 0.98280320 0.52004537 0.69398005 0.54827937 1.00422780 0.58206206 0.80199853 0.66370613 0.95615174 0.92626265 1.08706261 0.99036195 1.04358578 0.56530347
0.00476190 1.02175092 0.15719732 0.39053601 0.00767105 1.17527818 0.57100885 0.35369083 1.08790440 0.41842545 1.00000000 0.44325493 0.54343065 0.68823282 0.77404475 1.10790029 0.47600134 0.71628602 0.61194773 1.07088890 0.73651666 0.78398391 0.61457956 1.06478971 1.05199209 1.15371864 1.10010338 0.96443616 0.61161662
0.09509981 0.80868752 0.13136938 0.34489297 0.16544493 1.09290024 0.53690325 0.29498141 0.97396636 0.38092658 0.44222076 0.36159282 0.49503768 0.59365749 0.87950756 0.95459808 0.54011687 0.66054541 0.53491986 1.00878000 0.54836404 0.86283889 0.65484637 0.95987941 0.87687839 1.01566331 0.96632378 1.11456434 0.53462771
0.01428571 1.11268513 0.02702703 0.06250000 0.01120496 1.19130945 0.63854523 0.32000781 0.99964835 0.34615961 0.25000000 0.51465884 0.58218749 0.86778595 0.95139218 1.09462821 0.50997423 0.81104156 0.62248088 1.06161773 0.66742923 0.69962485 0.75530557 0.96804919 1.05774116 1.32089382 1.07232767 0.94844731 0.69377380
0.02857143 1.13049031 0.03755970 0.06250000 0.01886792 1.13677309 0.70359812 0.25194989 1.01771293 0.34240391 0.27489495 0.51274799 0.52705256 0.88458969 0.97034622 1.07574042 0.52391664 0.86344092 0.58973640 0.96310627 0.62368346 0.64256024 0.74574133 0.95350484 1.09869414 1.35939248 1.08723859 0.91231477 0.64124960
0.03809524 1.12046031 0.01744116 0.12500000 0.00000000 1.18179624 0.50000000 0.31643737 1.00603642 0.35336553 0.32502800 0.53379106 0.57477839 0.86382724 0.94015996 1.08236700 0.50176097 0.79935288 0.60649961 1.06685007 0.67715679 0.70542794 0.74770493 0.96936689 1.06161970 1.31474208 1.07250809 0.94356717 0.69004024
0.00476190 0.78784760 0.02702703 0.06250000 0.19466910 1.09426109 0.53361911 0.30094841 0.93366964 0.35439924 0.40312481 0.32694104 0.50756048 0.60295859 0.88849845 0.96021157 0.54158203 0.67021623 0.55826623 0.98727106 0.52268482 0.82851974 0.66465377 0.93168361 0.85073580 1.01700269 0.94351415 1.09489784 0.54375539
0.05238095 0.87401513 0.05405405 0.12500000 0.18628846 1.16435933 0.60659302 0.30020856 0.99690777 0.36679620 0.39268356 0.35750127 0.53686334 0.68522172 0.97920696 1.03480401 0.58732165 1.00000000 0.59994653 1.02416922 0.54405905 0.84641807 0.72839200 0.98424819 0.93514973 1.13731942 1.01933683 1.14736747 0.58338834
0.08569891 0.91924489 0.16216216 0.50000000 0.07488161 1.10366438 0.56568219 0.29057685 1.01577849 0.25000000 0.43987993 0.44440910 0.49864882 0.66010811 0.87285857 0.97921002 0.51817658 0.68760078 0.52733758 1.03113452 0.60979318 0.83297966 0.66119988 0.98138634 0.95428368 1.09568414 1.01329871 1.06089112 0.56444005
0.00867643 1.15182595 0.01565816 0.09204704 0.00000000 1.21354272 0.65921383 0.32037352 1.02985089 0.35782123 0.32207132 0.54214711 0.58993590 0.89474093 0.97506677 1.11509835 0.52002273 0.83219146 0.62725077 1.08523451 0.68691217 0.71458550 0.77320717 0.99145514 1.09248798 1.36013877 1.10204154 0.96641809 0.70820266
0.13333333 0.82379394 0.12513547 0.18750000 0.03773585 1.09241430 0.56688031 0.20000000 0.97779711 0.37523154 0.41984545 0.36507965 0.48993080 0.61953925 0.91554200 0.95842247 0.55649261 0.69193403 0.53508317 0.99032529 0.52993142 0.85040106 0.67500759 0.95547183 0.89321457 1.05052815 0.97558539 1.12090493 0.53297766
0.09278328 0.80377118 0.12863077 0.35293184 0.15753547 1.08060987 0.52238031 0.29668604 0.96404266 0.37978105 0.44478362 0.36649574 0.49112533 0.58452075 0.85916563 0.94133726 0.52683762 0.64329290 0.52550274 1.00719695 0.55261684 0.85686692 0.64290115 0.95073728 0.86653499 0.99884244 0.95466017 1.09747311 0.53208636
0.04285714 1.11911568 0.02702703 0.06250000 0.01453866 1.20489957 0.63914561 0.32720009 1.01137688 0.35239271 0.32426923 0.51842864 0.58908869 0.86932631 0.95533475 1.10534310 0.51373376 0.81265832 0.62867535 1.07808011 0.67771331 0.71387708 0.75936901 0.98117184 1.06517047 1.32593246 1.08249972 0.96214728 0.70032036
0.00476190 0.80445545 0.12576327 0.12500000 0.16792605 1.08851955 0.53427281 0.29425278 0.96342167 0.37529416 0.43403177 0.35852897 0.49517747 0.59494859 0.87927954 0.95002931 0.53796927 0.65909442 0.53471941 1.00318033 0.54258388 0.85471645 0.65548139 0.95071100 0.86963856 1.01348756 0.95858096 1.10748923 0.53519336
0.13809524 0.79648191 0.35135135 0.12500000 0.18774449 1.08419892 0.56379370 0.20000000 0.93500704 0.25000000 0.37950791 0.32772092 0.49530275 0.62304242 0.92109508 0.95615409 0.55706741 0.69933816 0.60000000 0.95851624 0.49790761 0.81267980 0.67998382 0.92274521 0.86358973 1.04523225 0.94838665 1.09780476 0.53402258
0.01904762 0.80518790 0.02702703 0.32092308 0.16697094 1.08558528 0.53396311 0.29219712 0.95896122 0.37321818 0.43029069 0.36236330 0.49450044 0.59809192 0.88258893 0.94507740 0.53743433 0.65839729 0.53138704 1.00230758 0.53968580 0.85274715 0.65816912 0.94557246 0.86717739 1.01471194 0.95494210 1.10614776 0.53609107
0.00952381 0.95942080 0.10810811 0.20743122 0.00006735 1.06375424 0.56921451 0.29513237 0.95722834 0.34341263 0.34154648 0.39094269 0.50000000 0.69314577 0.75848667 1.02258238 0.44822011 0.71684631 0.57779296 0.91632448 0.62810477 0.63482610 0.59591934 0.93012945 0.97320731 1.12385004 0.99847121 0.83486554 0.56773000
0.05714286 0.80888140 0.13513514 0.18750000 0.17136934 1.08792065 0.54924538 0.28638967 1.00000000 0.36332747 0.25000000 0.35098600 0.49643109 0.61350758 0.89897720 0.95434087 0.54513201 0.67915390 0.54229529 0.98557855 0.52642633 0.83356159 0.66830439 0.93865674 0.87155006 1.03413642 0.95654406 1.09962127 0.53802963
0.01428571 0.94564926 0.08108108 0.06250000 0.02079284 1.06779257 0.57025240 0.29922476 0.93587258 0.32781873 0.31811193 0.36464251 0.50488759 0.69812367 0.76562737 1.03118833 0.45203518 0.72673957 0.59615471 0.90193460 0.61181477 0.61465203 0.60216299 0.91661305 0.95963568 1.12641571 0.98796704 0.82593319 0.57246232
0.07142857 0.95904640 0.11225667 0.21523454 0.00000000 1.06463939 0.56996668 0.29509276 0.96094004 0.34548491 0.34484344 0.39031269 0.49578200 0.69098712 0.75780501 1.02390251 0.44919945 0.71701274 0.57778639 0.91708705 0.62928341 0.63787760 0.59473871 0.93344317 0.97502300 1.12299628 1.00083979 0.83771312 0.56625486
0.05238095 1.01877966 0.05405405 0.18592858 0.03914751 1.10074312 0.69591634 0.21405023 1.00000000 0.25000000 0.29598706 0.48220524 0.49252791 0.82121197 1.04033201 0.99457199 0.57393710 0.83467515 0.53584768 0.94849192 0.53051490 0.72990080 0.76927768 0.92744243 1.02308707 1.28420684 1.03794704 1.03936346 0.58853246
0.15714286 0.82814086 0.05405405 0.18750000 0.01886792 1.07601084 0.56207190 0.27175896 0.97297893 0.37393215 0.41673248 0.33333333 0.48097993 0.61620935 0.89362789 0.94887741 0.50000000 0.68409481 0.52538613 0.97684615 0.53446406 0.83229835 0.66029873 0.94733517 0.89381160 1.04376529 0.97005082 1.09230005 0.52653457
0.03809524 0.78085362 0.02702703 0.06250000 0.18631919 1.06686368 0.53592923 0.28135552 0.91322437 0.34478692 0.38438214 0.33528477 0.49226734 0.60686776 0.89683378 0.92989820 1.00000000 0.66733900 0.40000000 0.96317801 0.49953357 0.81238898 0.66720384 0.90462530 0.83764733 1.01352478 0.92371913 1.08269122 0.53273516
0.00476190 0.84921351 0.05405405 0.27311235 0.17031801 1.12478974 0.57272172 0.29301348 0.98097034 0.37237916 0.41307238 0.37553219 0.51504534 0.64954221 0.93994817 0.98439340 0.56348361 0.70775953 0.55808350 1.02075288 0.54392913 0.85573551 0.70015691 0.96457581 0.90541339 1.08355822 0.98889158 1.13262152 0.56310275
0.02380952 1.14613528 0.05405405 0.18608132 0.00000000 1.11709380 0.70448864 0.23875011 1.03044620 0.35278776 0.25000000 0.54120652 0.50992058 0.88204859 0.95590154 1.05706563 0.51336405 0.85374485 0.56316528 0.95915422 0.63402180 0.64336657 0.73344775 0.95467346 1.11120827 1.35686095 1.09075144 0.89973456 0.63008217
0.11428571 0.79092232 0.05405405 0.25000000 0.17173121 1.07483110 0.52850003 0.29023436 0.94323828 0.25000000 0.25000000 0.34869033 0.49100478 0.59110474 0.87367802 0.93801843 0.53290860 0.65406695 0.53146213 0.98615545 0.52896146 0.83787804 0.65141224 0.93239335 0.85384375 1.00297831 0.94197577 1.09176252 0.53032394
0.11904762 0.85293125 0.08108108 0.36507825 0.01886792 1.08557915 0.57024083 0.20000000 0.99086653 0.38373114 0.50000000 0.40029931 0.50000000 0.63193374 0.91057392 0.95026016 0.54733910 0.68903482 0.51767715 1.00000000 0.54723903 0.85068047 0.67336701 0.95910953 0.91172991 1.06374034 0.98440969 1.10957778 0.53562731
1.00000000 0.79797201 1.00000000 1.00000000 0.15671103 1.08133340 0.52921326 0.29193790 0.98638680 0.25000000 0.25000000 0.33333333 0.50000000 0.56906746 0.85644032 0.94547007 0.53435726 0.64515684 0.52194255 1.00566546 0.55472977 0.87470237 0.63474184 0.96905392 0.87662305 0.99177768 0.96769371 1.11578941 0.51818531
0.01904762 0.80331996 0.12687435 0.33251492 0.16683385 1.08729811 0.53152051 0.29506922 0.96382393 0.37648783 0.43700005 0.35944732 0.49447613 0.59191524 0.87522721 0.94838806 0.53607925 0.65551521 0.53304795 1.00448873 0.54450378 0.85630728 0.65283486 0.95122165 0.86854751 1.00963853 0.95779375 1.10673202 0.53434400
0.05947287 1.02873042 0.04649570 0.20516107 0.03540368 1.10829872 0.69800183 0.21619711 1.00662681 0.35219058 0.30574023 0.49361161 0.49505020 0.82488522 1.04530226 0.99841672 0.57632379 0.83540165 0.53454402 0.96227780 0.53960475 0.74273499 0.77340111 0.93734853 1.03192744 1.29065831 1.04682115 1.05050855 0.59281988
0.01428571 1.01853575 0.13513514 0.37500000 0.00000000 1.08749647 0.56782811 0.30393571 1.04271277 0.75000000 0.42777165 0.33333333 0.50000000 0.68786110 0.74449695 1.02974033 0.50000000 0.69565124 0.20000000 1.00000000 1.00000000 0.71688878 0.58775144 0.99837777 1.03124947 1.13363401 1.05316842 0.88298462 0.57450062
0.05238095 0.96210174 0.35135135 0.68750000 0.08815577 1.17688639 0.64478767 0.29293057 1.10575025 0.25000000 0.45180009 0.33333333 0.51617154 0.50000000 0.92725674 1.08511589 0.57369351 0.78140057 1.00000000 1.03414428 0.62605690 0.85363204 0.68674456 1.06626368 1.04268929 1.18086059 1.10657283 1.11999514 0.56857734
0.19523810 0.85834466 0.05405405 0.18750000 0.14513025 1.10733425 0.56815983 0.28775392 0.97723470 0.37166907 0.50000000 0.38590634 0.50553673 0.64852808 0.91599721 0.97438944 0.54740340 0.69968488 0.54673400 1.00776554 0.55146671 0.83555884 0.68462806 0.95642671 0.90878096 1.07906759 0.98443331 1.09985830 0.55751766
0.05307448 1.02211090 0.02702703 0.12500000 0.04697772 1.11005156 0.69842929 0.21803320 0.99209903 0.34212700 0.29026967 0.48122191 0.50030909 0.83034691 1.05185826 1.00135419 0.57833639 0.84095779 0.54384531 0.95481141 0.52932527 0.73048833 0.77921115 0.92713355 1.02315843 1.29371739 1.03921348 1.04509657 0.59705353
0.02380952 0.82910320 0.02702703 0.06250000 0.20235095 1.13492707 0.57536708 0.30130631 0.95442704 0.35146562 0.38198838 0.33330208 0.52880369 0.65500744 0.94894380 1.00298415 0.57045423 0.72414080 0.58920895 1.00135478 0.52287882 0.82853778 0.70800885 0.95030182 0.88858481 1.08774612 0.97780903 1.12205015 0.57006158
0.07619048 0.92401518 0.16216216 0.56250000 0.01886792 1.10281047 0.56044619 0.29802396 1.04096063 1.00000000 0.25000000 0.43545650 0.49213443 0.63741551 0.82628759 0.99630351 0.50390606 0.67961538 0.53262969 1.02680014 0.63745264 0.82906952 0.62767268 1.00566007 0.97226720 1.08040438 1.03074291 1.03799566 0.55267907
0.04761905 1.16278129 0.01830632 0.12500000 0.00000000 1.21602376 0.66500154 0.31847942 1.04012025 0.36242628 0.32618582 0.55048751 0.58877790 0.89952260 0.97699189 1.11887745 0.52100179 0.83668485 0.62564969 1.08851504 0.69321665 0.71734842 0.77412690 0.99844428 1.10353697 1.36869611 1.11071292 0.96798733 0.70879444
0.01428571 0.78821231 0.05405405 0.06250000 0.19497026 1.09471537 0.53392059 0.30114313 0.93319171 0.75000000 0.40221629 0.33333333 0.50805705 0.60380355 0.88904819 0.96081007 0.54170633 0.67088369 0.55899906 0.98714596 0.52251144 0.82774136 0.66519376 0.93138604 0.85080550 1.01787151 0.94352004 1.09448066 0.54432831
0.02857143 1.15435500 0.04755057 0.25000000 0.00000000 1.12264646 0.70414328 0.24103996 1.04540885 0.36252675 0.30244134 0.55313065 0.51009520 0.88005931 0.95465586 1.05933512 0.51386881 0.85032482 0.55915145 0.97356880 0.64596765 0.65940434 0.73265445 0.96733695 1.12033099 1.35773016 1.10033302 0.91090096 0.63126974
0.03333333 1.13099128 0.02702703 0.06250000 0.01886792 1.13605412 0.70365546 0.25133975 1.01685919 0.34202764 0.27409983 0.51408467 0.52682070 0.88552878 0.97130264 1.07446881 0.52381115 0.86332734 0.58873220 0.96304252 0.62310912 0.64223294 0.74649184 0.95236182 1.09834612 1.35992057 1.08651812 0.91210205 0.64149352
0.00476190 0.80358965 0.12655567 0.33193301 0.16666755 1.08727418 0.53147631 0.29510034 0.96358950 0.37634945 0.43674432 0.35970559 0.49457639 0.59223753 0.87526509 0.94832590 0.53593754 0.65551967 0.53303596 1.00454391 0.54456708 0.85602874 0.65295999 0.95099234 0.86853660 1.00986251 0.95768270 1.10640196 0.53456847
0.02380952 0.80227047 0.11463403 0.18750000 0.18558773 1.09799291 0.54485820 0.29517580 0.94853415 0.36109913 0.40839737 0.34110160 0.50510509 0.61183358 0.90115990 0.96237456 0.54771881 0.67878462 0.55319883 0.99311090 0.52663241 0.83781172 0.67170881 0.94072031 0.86561155 1.03162610 0.95544481 1.10647729 0.54414289
0.28571429 0.97365564 0.43243243 1.00000000 0.00000000 1.04377068 0.57775194 0.20000000 1.00000000 0.44195085 0.49669643 1.00000000 0.43709394 0.64703957 0.83586950 0.91964850 0.49383188 0.65986120 0.20000000 1.02638856 0.50000000 0.85916501 0.62341796 1.00220061 1.00774536 1.09028259 1.03882226 1.04572986 0.52103692
0.16666667 0.79865146 0.02702703 0.12500000 0.19072026 1.09659752 0.54575523 0.29384275 1.00000000 0.35573475 0.39966384 0.33688967 0.50616020 0.61523096 0.90682843 0.96050208 0.54928564 0.68142766 0.55496519 0.98815990 0.51917227 0.83196325 0.67579862 0.93357823 0.86037356 1.03332196 0.95022269 1.10477556 0.54524655
0.00476190 1.15133219 0.02702703 0.19347263 0.00000000 1.12317142 0.70435939 0.24176950 1.03616458 0.35628982 0.29264245 0.54727397 0.51313688 0.88431763 0.95905841 1.06014926 0.51471708 0.85346228 0.56385881 0.96932737 0.63983174 0.65169146 0.73665192 0.96039554 1.11508457 1.36019888 1.09535087 0.90709099 0.63422451
0.04285714 0.75468166 0.10068525 0.06250000 0.03773585 0.99685855 0.54278582 0.24409424 0.86465808 0.31372264 0.25000000 0.29810461 0.45283933 0.50000000 0.85458181 0.89564310 0.51505597 0.67191132 0.51766984 0.85759282 0.45502931 0.50000000 0.62898185 0.84788613 0.81679812 0.99345029 0.88526355 0.98574566 0.49123648
0.18571429 0.83162088 0.16216216 0.93750000 0.09433962 1.07618588 0.52962945 0.28447415 1.02224723 0.41798625 0.50024763 0.41609082 0.47040903 0.57064223 0.85037651 0.93024044 0.50000000 0.63084681 0.48910232 1.03496363 0.58513678 0.90754007 0.63014556 0.99017134 0.90366088 0.99695608 0.98684464 1.12940363 0.51599390
0.09091019 0.80382166 0.02702703 0.33011587 0.16577854 1.08441807 0.53160568 0.29274049 0.96063095 0.37512119 0.43432529 0.36308926 0.49332491 0.59427104 0.87844184 0.94364445 0.53596207 0.65492637 0.52947727 1.00360078 0.54175953 0.85536535 0.65511994 0.94710601 0.86668972 1.01054003 0.95490155 1.10643520 0.53451108
0.08095238 0.98711973 0.16216216 0.18750000 0.03292817 1.12798631 1.00000000 0.30046127 1.01220065 0.36051798 0.35594514 0.33333333 1.00000000 0.72636800 0.83928236 1.07937297 0.50104540 0.77393163 0.61380899 0.95678607 0.63114357 0.68910055 1.00000000 0.98357266 1.01920306 1.18771393 1.05412420 0.92545358 0.58797660
0.07619048 0.80833607 0.12163754 0.30223061 0.17362482 1.09485821 0.54382040 0.29261977 0.96224861 0.37112020 0.42394302 0.35464986 0.49908428 0.60599790 0.89472431 0.95731482 0.54539110 0.67209337 0.54216353 1.00043717 0.53622142 0.85046880 0.66589608 0.94980809 0.87337091 1.02757069 0.96188444 1.11204082 0.53941155
0.05095179 0.96434930 0.11168818 0.22759216 0.00000000 1.06450746 0.56915567 0.29495697 0.96473436 0.34850293 0.34927564 0.39873062 0.49515956 0.69220048 0.75701846 1.02183171 0.44762788 0.71453454 0.57368121 0.92238940 0.63406921 0.64201354 0.59474793 0.93563397 0.97816193 1.12410246 1.00285992 0.83887774 0.56737797
0.19047619 0.96873242 0.05405405 0.25000000 0.00000000 1.06914119 0.57427906 0.29393778 0.96842623 0.34941060 0.34884883 0.40202013 0.49692675 0.69793459 0.76722833 1.02453020 0.50000000 0.72006836 0.57478031 0.92622863 0.63324198 0.64648726 0.60152526 0.93835676 0.98228694 1.13199980 1.00691440 0.84712363 0.56997338
0.02380952 0.79767631 0.11290789 0.12500000 0.19222356 1.09943126 0.54523153 0.29640254 0.94278173 0.35684253 0.40213708 0.33295006 0.50749539 0.61270552 0.90346088 0.96505653 0.54925853 0.68167391 0.55865152 0.98909247 0.52172868 0.83277855 0.67350639 0.93729726 0.86160753 1.03198428 0.95261729 1.10492505 0.54521899
0.11904762 0.78832714 0.10880938 0.06250000 0.19877207 1.09432493 0.54383059 0.29567900 0.92805470 0.34752322 0.38811843 0.31950073 0.50778763 0.61256954 0.90140156 0.96377792 0.50000000 0.68351008 0.56368021 0.97530573 0.51136576 0.81691545 0.67226522 0.92560734 0.85190159 1.02879197 0.94302781 1.09265860 0.54392885
0.06190476 0.95287627 0.02702703 0.18147750 0.00000000 1.04465347 0.56957519 0.28364541 0.93610819 0.33188513 0.25000000 0.39016301 0.48828803 0.69755741 0.76098534 1.00444840 0.44427261 0.71633480 0.56766955 0.89455189 0.61028381 0.61368800 0.59662367 0.90675458 0.96103352 1.12181956 0.98144826 0.81701892 0.56201896
0.21428571 0.80319752 0.21621622 0.50000000 0.17506170 1.08735291 0.55905904 0.27922966 0.96217653 0.25000000 0.41210078 0.33333333 1.00000000 0.60836102 0.90731577 0.95604634 0.55459530 0.68690353 0.54101145 0.97816379 0.50000000 0.84087872 0.66888122 0.94554738 0.87645367 1.03490673 0.96286548 1.11359546 0.52848961
0.17619048 0.84380049 0.10810811 0.75000000 0.12441963 1.08872777 0.53686285 0.28728486 1.01314729 0.50000000 0.48337027 0.66666667 0.48276894 0.59499257 0.87624330 0.93714748 0.53417159 0.64428968 0.49872120 1.04367054 0.50000000 0.90294955 0.65207892 1.00000000 0.90487719 1.02066273 0.98679103 1.13481973 0.53289752
0.01428571 0.77431600 0.13513514 0.31250000 0.17412211 1.06237868 0.51350448 0.20000000 0.93179397 0.36355682 0.42364157 0.34419054 0.48601322 0.57486325 0.85686981 0.92331553 0.50000000 0.63622134 0.52297759 0.98189418 0.52577738 0.83737236 0.63981560 0.92318267 0.83725877 0.97917840 0.92756055 1.08425197 0.52344010
0.00952381 0.86338357 0.05405405 0.25000000 0.03773585 1.13995177 0.58241784 0.29723976 0.99418909 0.37596355 0.41512087 0.37735677 0.52218231 0.66009821 0.94861466 1.00210784 0.56932321 0.72063535 0.56928556 1.02970761 0.55269146 0.85947867 0.70707972 0.97771880 0.92070501 1.10115178 1.00400186 1.13962968 0.57073728
0.02857143 0.81746269 0.02702703 0.34413221 0.16176816 1.09569396 0.53548422 0.29664370 0.97390270 0.50000000 0.44299829 0.37408636 0.49830125 0.60118673 0.88430876 0.95247888 0.53879796 0.65884788 0.53207403 1.01885584 0.55321630 0.86665107 0.66057029 0.95915282 0.87873888 1.02151665 0.96674425 1.11653396 0.54147400
0.13809524 0.95295245 0.02702703 0.12500000 0.01008238 1.06273288 0.57098159 0.29378669 0.94297857 0.33386943 0.32611986 0.38182893 0.49929555 0.69908122 0.76810098 1.02137647 0.45124119 0.72229810 0.58285380 0.90780452 0.61550694 0.62420079 0.60299435 0.91852836 0.96441598 1.12723735 0.99008405 0.83179543 0.57018367
0.07142857 0.84101834 0.32432432 0.12500000 0.19283664 1.15093157 0.58702331 0.30486847 0.99657848 0.37232840 0.41211595 0.33333333 0.50000000 0.64414196 0.93960677 1.02792653 0.57729936 0.73280340 0.59664586 1.01256552 0.54519242 0.85101584 0.69716889 0.98837416 1.00000000 1.09280172 1.00996160 1.14011618 0.56292893
0.00476190 1.13404783 0.01777286 0.09261531 0.00940112 1.21378628 0.64570434 0.32744934 1.02327243 0.35798953 0.32993641 0.53277990 0.59232168 0.87958228 0.96697011 1.11043291 0.51822961 0.81851290 0.62791315 1.09138474 0.68542125 0.72463809 0.76820065 0.99021410 1.07726716 1.34005096 1.09314918 0.97382432 0.70672692
0.03333333 1.14162206 0.02702703 0.06250000 0.01886792 1.20261450 0.65874000 0.31551055 1.01391971 0.25000000 0.30652483 0.52998500 0.58601041 0.89359705 0.97182240 1.10886246 0.51739771 0.83338798 0.62760143 1.06587065 0.67368821 0.69577470 0.77002796 0.97669408 1.08225532 1.35546835 1.09041895 0.95085991 0.70311805
0.00952381 0.95230459 0.10634615 0.20636337 0.00000000 1.05087263 0.56417143 0.29041638 0.94695114 0.25000000 0.33669485 0.39050019 0.49028190 0.68827158 0.75122012 1.01001477 0.44269951 0.70971359 0.56950337 0.90602329 0.62170890 0.62650111 0.59027272 0.91896854 0.96429669 1.11422061 0.98787043 0.82396049 0.56197620
0.00476190 1.15187877 0.00913852 0.06527938 0.00000000 1.20460886 0.66385467 0.31373256 1.01771745 0.34892953 0.25000000 0.53792461 0.58660557 0.90203061 0.97716332 1.11094567 0.51823975 0.83851556 0.62690463 1.06804085 0.67655234 0.69452994 0.77427014 0.97823210 1.08957168 1.36572151 1.09506105 0.95017659 0.70629386
0.10476190 0.81379668 0.18918919 0.37500000 0.16481378 1.09325273 0.54405307 0.29067175 0.97246022 0.37816425 0.43441464 0.36457438 0.49509561 0.60306159 0.89114455 0.95457734 0.54414791 0.66852917 0.53485363 1.00565142 0.54315266 0.85904977 0.66248512 0.95657975 0.87989498 1.02631341 0.96723040 1.11601511 0.53651952
0.00688688 1.15782686 0.01345588 0.08174407 0.00000000 1.21505701 0.66410151 0.31920080 1.02975927 0.35579366 0.31624442 0.54279817 0.59106905 0.90181597 0.97873673 1.11898800 0.52082744 0.83861803 0.63020945 1.08238521 0.68661483 0.70818999 0.77613647 0.99066508 1.09694446 1.36874111 1.10451545 0.96207930 0.71051872
0.20952381 0.80599352 0.40540541 0.81250000 0.13207547 1.08309108 0.51670947 0.40000000 1.02018623 0.41825084 0.50996258 0.33333333 0.50000000 0.54610791 0.83019125 0.94194162 0.52606598 0.50000000 0.50499587 1.03432790 0.58635057 0.91210088 0.61577097 0.99782210 0.89055000 0.97191501 0.98377800 1.13188976 0.51127672
0.18571429 1.11122489 0.05405405 0.10444421 0.00738256 1.18828099 0.63893110 0.31632491 1.00970172 0.25000000 0.50000000 0.52024113 0.57622362 0.86015391 0.95020267 1.08945418 0.51170887 0.80679448 0.61383873 1.06467971 0.66948365 0.71226564 0.75185210 0.97474456 1.00000000 1.31511194 1.07605449 0.95880786 0.68712537
0.00476190 0.83203949 0.02702703 0.30142356 0.20096595 1.16661784 0.53769025 1.00000000 1.00311491 0.39112246 0.46389084 0.35369831 0.54325600 0.61294418 0.90131824 1.02066024 0.55702570 0.67877184 0.59028817 1.07652289 0.58699544 0.90168266 0.68143649 1.00655163 0.89900514 1.04741176 1.00363056 1.15964387 0.57920039
0.01428571 1.03083644 0.04665775 0.19799318 0.03761827 1.11329145 0.69962415 0.21872339 1.00808341 0.35185679 0.30487529 0.49134194 0.49833134 0.82746346 1.04716539 1.00435041 0.57776033 0.83883756 0.53976030 0.96438276 0.54129597 0.74238330 0.77533784 0.93998348 1.03425763 1.29463529 1.04974695 1.05149709 0.59574201
0.09262757 0.79928569 0.12780802 0.33055457 0.16922450 1.08558352 0.53184607 0.29380488 0.96210801 0.37546528 0.43561770 0.35560118 0.49320924 0.58981743 0.87561302 0.94725373 0.53707436 0.65582651 0.53302796 1.00085309 0.54095631 0.85531419 0.65222599 0.94971273 0.86627966 1.00000000 0.95608412 1.10719555 0.53206448
0.00476190 0.80422096 0.02702703 0.31983509 0.16788721 1.08578140 0.53349449 0.29264055 0.95850801 0.37300683 0.43028042 0.36125446 0.49476585 0.59744662 0.88215704 0.94534432 0.53742348 0.65812199 0.53195993 1.00221076 0.53947109 0.85271547 0.65789710 0.94550623 0.86648257 1.01393563 0.95458569 1.10617955 0.53605504
0.10393010 0.82701035 0.14721554 0.40295570 0.17127893 1.13184769 0.53483084 0.31708571 1.01624039 0.40572378 1.00000000 0.37710668 0.51257415 0.59021712 0.88353242 0.98382296 0.54908065 0.65830447 0.54805268 1.06288562 0.58516915 0.91437861 0.66087548 1.00504750 0.90062444 1.02296256 0.99907254 1.15916299 0.55050557
0.14285714 0.80710417 0.21621622 0.56250000 0.15031765 1.09187983 0.51599504 0.30404652 1.00429335 0.40751569 0.49348500 0.38122426 0.48761519 0.56062288 0.84449164 0.94674772 0.52860103 0.62765370 0.51627174 1.03873240 0.58020896 0.90384733 0.62995774 0.98741761 0.88267873 0.98264202 0.97694893 1.13076779 0.52508817
0.01428571 0.99410251 0.06263107 0.25000000 0.05106740 1.09781228 0.68576884 0.21922608 0.99612656 0.34839449 0.30782924 0.33333333 0.48895937 0.79424132 1.01900117 0.99687195 0.57192785 0.82385277 0.54061058 0.94117935 0.52909619 0.73470256 0.75151006 0.93341335 1.01237131 1.25714550 1.03441173 1.04057093 0.57612493
0.06666667 0.83724488 0.05405405 0.25000000 0.18003616 1.12923559 0.56883156 0.29741925 0.98821873 0.37772240 0.50000000 0.36451254 0.51519282 0.63500935 0.93424251 0.98880020 0.56663383 0.70314454 0.56165758 1.02480201 0.54553543 0.86877201 0.69424902 0.97435615 0.90268120 1.07105396 1.00000000 1.14516060 0.55804662
0.30952381 0.80904070 0.10810811 1.00000000 0.15136458 1.08235095 0.52911164 0.29106272 0.98494133 0.39240763 0.46258112 0.37847280 0.48475584 0.58016696 0.86612098 0.93943885 0.53376046 0.64399285 0.51550279 1.01612923 0.55757992 0.87891565 0.64383822 0.96556366 0.87840877 1.00046588 0.96682318 1.11914692 0.52570456
0.00952381 1.15361238 0.04717980 0.21626048 0.00000000 1.12120990 0.70400208 0.24063295 1.04342992 0.36123788 0.30030730 0.55156496 0.50965487 0.88005263 0.95326038 1.05898758 0.51298616 0.85050448 0.55949637 0.97084107 0.64490612 0.65611069 0.73170770 0.96553072 1.11943370 1.35730872 1.09905327 0.90760046 0.63074788
0.02857143 1.03060160 0.05405405 0.20019753 0.03761872 1.11356256 0.69974398 0.21883252 1.00916066 0.35244940 0.30587197 0.49086550 0.49814038 0.82663945 1.04659981 1.00490703 0.57793531 0.83883155 0.53993544 0.96448383 0.54173850 0.74310634 0.77474787 0.94101835 1.03476132 1.29420329 1.05044893 1.05207193 0.59525589
0.13333333 0.82649803 0.12478478 0.30934363 0.16916692 1.10608226 0.56625484 0.28559735 0.98078416 0.37564430 0.42195389 0.36112934 0.49963017 0.62295616 0.91896334 0.97112588 0.55926917 0.69531479 0.54689419 1.00161874 0.53599552 0.85546819 0.67978051 0.96261064 0.89552309 1.05567229 0.98103101 1.12754602 0.54164265
0.00476190 0.78824373 0.12661870 0.31537557 0.18522275 1.09599372 0.51633015 0.30918188 0.95584471 0.37486169 0.44309077 0.34692406 0.50435237 0.58063633 0.86704300 0.95251009 0.53388158 0.64378229 0.54291043 1.01677501 0.54750283 0.86481173 0.65035430 0.95209960 0.85377638 0.99346078 0.95075266 1.11277508 0.54019412
0.00952381 0.81510265 0.12519695 0.35064146 0.01886792 1.07705243 0.53419735 0.28777072 0.96631263 0.37819080 0.43580311 0.37390288 0.48706315 0.59676915 0.86960718 0.94047875 0.52979578 0.65451642 0.52191096 0.99888790 0.54847387 0.84844032 0.64870686 0.94792741 0.87588956 1.01420686 0.95870898 1.09332883 0.53123864
0.21428571 0.84129779 0.05405405 0.43750000 0.14949106 1.10286180 0.56735123 0.28027991 1.00212862 0.39083679 0.44392500 0.38881939 0.49154658 0.62066922 0.91704375 0.96214857 0.55762633 0.68764004 0.52818018 1.01654281 0.55034709 0.87679036 0.67692503 0.97560661 0.90963278 1.05619063 0.99189535 1.13972818 0.53769670
0.05238095 0.82018265 0.02702703 0.12500000 0.19345154 1.11705654 0.56935640 0.29202636 0.95500855 0.35651845 0.39170576 0.34140381 0.51501604 0.64073401 0.93939909 0.98197553 0.56588983 0.71000950 0.56878114 0.99530384 0.51913596 0.83550061 0.69790941 0.94582875 0.88224978 1.06993054 0.97022568 1.12272360 0.55642545
0.03809524 0.78152617 0.08108108 0.25000000 0.19245121 1.09315381 0.51604061 0.30851193 0.94199284 0.50000000 0.42929801 0.33333333 0.50606985 0.58381414 0.87027875 0.95111615 0.53401068 0.64674042 0.54742823 1.00702306 0.53736894 0.50000000 0.65317102 0.94093959 0.84509715 0.99371972 0.94215029 1.10500655 0.54132441
0.02380952 1.14913283 0.04338306 0.18750000 0.00000000 1.12471279 0.70458317 0.24290662 1.03602083 0.35573332 0.29215837 0.54281368 0.51407822 0.88306677 0.95856634 1.06285925 0.51556837 0.85462096 0.56690314 0.96821923 0.63911826 0.65101541 0.73613162 0.96129877 1.11454292 1.35954026 1.09576113 0.90741244 0.63400573
0.12380952 0.98111301 0.10956879 0.06250000 0.05211457 1.14483876 0.59717385 0.32515908 0.99268625 0.35096211 0.35042406 0.37621540 0.54274311 0.72748193 0.82707209 1.09301539 0.49184051 0.76355605 0.63631492 0.97489862 0.64139809 0.68271232 0.64794442 0.97845236 1.00265977 1.18022287 1.04410769 1.00000000 0.60877712
0.03907112 1.15412499 0.04682637 0.21528777 0.00000000 1.12158025 0.70446356 0.24057084 1.04346420 0.36110472 0.29989099 0.55179488 0.50989754 0.88080521 0.95411077 1.05929060 0.51329781 0.85110231 0.55973823 0.97098848 0.64479086 0.65602322 0.73234009 0.96552376 1.11975822 1.35819121 1.09929160 0.90785791 0.63111734
0.14285714 0.82700823 0.10810811 0.18750000 0.01886792 1.08657011 0.56387688 0.27813786 0.95886450 0.36289152 0.39938449 0.36007306 0.49307242 0.62902794 0.90703958 0.95878498 0.54695029 0.69382355 0.54123149 0.97729179 0.52714452 0.82185332 0.67293056 0.93942640 0.88746805 1.05492797 0.96558751 1.09085780 0.53857866
0.03927431 1.15364625 0.04709328 0.21653276 0.00000000 1.12120504 0.70404417 0.24054509 1.04348600 0.36129924 0.30038912 0.55180385 0.50962099 0.88011663 0.95354598 1.05881561 0.51309535 0.85048411 0.55931370 0.97100280 0.64483654 0.65638412 0.73188509 0.96552802 1.11942708 1.35736338 1.09904869 0.90793173 0.63075765
0.02380952 0.95925090 0.10979300 0.20785505 0.00045354 1.06424637 0.56963981 0.29520834 0.95789891 0.34363481 0.34184287 0.39023180 0.49657186 0.69289850 0.75864700 1.02334876 0.44866192 0.71735722 0.57833394 0.91624332 0.62811888 0.63515592 0.59587297 0.93084118 0.97362778 1.12400303 0.99907217 0.83547237 0.56753391
0.05066415 0.97343730 0.11326848 0.20895312 0.01234719 1.09439043 0.58070322 0.30543341 0.97976066 0.35206865 0.35321737 0.39339973 0.51150275 0.70481597 0.78181360 1.04874156 0.46390401 0.73276071 0.59524086 0.94323475 0.63966887 0.65951673 0.61322393 0.95482841 0.99095013 1.14575152 1.02127181 0.86784743 0.58172511
0.00476190 0.76850181 0.02702703 0.34024251 0.16391510 1.04616392 0.50000000 0.27868081 0.93595667 0.36679867 0.42650127 0.34399259 0.50000000 0.56494048 0.85028309 0.91138640 0.52353907 0.63421136 0.50936860 0.96513905 0.51887442 0.83480977 0.62994413 0.92121656 0.83857982 0.97073126 0.92607852 1.08029204 0.12500000
0.00952381 0.79942108 0.12681525 0.32243413 0.17109755 1.08733174 0.53256139 0.29477514 0.96070296 0.37400018 0.43313758 0.33333333 0.49490136 0.59158669 0.87695930 0.94961618 0.53768167 0.65780884 0.53591922 1.00036746 0.54026018 0.85323201 0.65355266 0.94917702 0.86611441 1.00938487 0.95612155 1.10637767 0.53358314
0.03333333 0.96935287 0.11731748 0.31250000 0.00000000 1.06058403 0.56857329 0.29198194 0.97540349 0.35636269 0.36117155 0.40994426 0.48937255 0.68749084 0.75123937 1.01679668 0.44528855 0.70911682 0.56386578 0.92677458 0.64131368 0.65094259 0.58946775 0.94214600 0.98446898 1.12072076 1.00761805 0.84189088 0.56279141
0.03333333 1.00818563 0.03576661 0.06250000 0.05652340 1.10375518 0.69635566 0.21723797 0.97488424 0.25000000 0.27465084 0.46254785 0.50012517 0.82759563 1.04849436 0.99994745 0.57694603 0.84261106 0.55019307 0.93746034 0.51607261 0.71263307 0.77655722 0.91387737 1.01055590 1.28753606 1.02756823 1.03181668 0.59400761
0.09315843 0.80296179 0.12860641 0.33755117 0.16647033 1.08726895 0.53174017 0.29482669 0.96573175 0.37766564 0.43890723 0.35933171 0.49374642 0.59045968 0.87450913 0.94856275 0.53639115 0.65523718 0.53254541 1.00467399 0.54507576 0.85792344 0.65190065 0.95279590 0.86935559 1.00875939 0.95882355 1.10803028 0.53324626
0.03809524 0.77872126 0.12602842 0.33932071 0.16715382 1.06201825 0.50000000 0.28914275 1.00000000 0.37114663 0.43491118 0.35248962 0.48212439 0.57128219 0.85504285 0.92182741 0.52490429 0.50000000 0.51658537 0.98724947 0.53190420 0.84782821 0.63708174 0.93148915 0.84426561 0.97817494 0.93406062 1.09134297 0.51998212
0.04761905 1.05333089 0.10810811 0.25000000 0.03773585 1.22210416 0.50000000 0.40000000 1.07348608 0.39834417 0.42646944 0.44946209 0.50000000 0.75354561 0.85185072 1.14158545 0.50000000 0.76232978 0.64976661 1.09851592 0.72467768 1.00000000 0.67788471 1.05850844 1.06171986 1.22364149 1.11031544 0.99351768 1.00000000
0.09047619 0.77956466 0.10810811 0.06250000 0.19797894 1.08699080 0.53069667 0.29912127 0.92091036 0.25000000 0.39307397 0.31894883 0.50590185 0.60129368 0.88524893 0.95484374 0.53880691 0.66855531 0.55838137 0.97610491 0.51413869 0.81666601 0.66242157 0.92059973 0.84133831 1.01162685 0.93376554 1.08440493 0.54136770
0.00952381 0.83316353 0.12360551 0.30444643 0.17122758 1.11589075 0.56745255 0.29086341 0.98542653 0.37725169 0.42431856 0.36372569 0.50602427 0.62831333 0.92323005 0.97956535 0.56123491 0.69859987 0.55315116 1.01161104 0.54224853 0.86021035 0.68458130 0.96871654 0.90046678 1.06284366 0.98692267 1.13281218 0.54868717
0.04761905 0.82571171 0.02702703 0.06250000 0.17551054 1.11396848 0.56573679 0.29110358 0.98249360 0.37576430 0.42338397 0.33333333 0.50500718 0.62290746 0.91966605 0.97938166 0.56118617 0.69734017 0.55489825 1.00660600 0.53871980 0.85806829 0.68125480 0.96721432 0.89611033 1.05692305 0.98407843 1.13139829 0.54545982
0.02380952 0.79915618 0.12676507 0.34362660 0.15932504 1.07294786 0.53099179 0.20000000 0.95890164 0.37514873 0.43391955 0.36199585 0.48494405 0.58778321 0.87051149 0.93520422 0.53253980 0.65127153 0.52163319 0.99224492 0.53780452 0.84979249 0.64736600 0.94271715 0.86454669 1.00306347 0.95083727 1.09843041 0.52563612
