0.01756010 1.04214836 0.07660396 0.13057579 0.00000000 1.12788181 0.45071632 0.29140744 1.00586093 0.34080695 0.38272388 0.30109723 0.48662234 0.53849691 0.84383191 1.13759589 0.38574761 0.70222369 0.54410558 0.89528845 0.74478880 0.81844858 0.71793133 1.06125940 0.92659090 0.76004334 1.22271074 1.02005186 0.72613464
0.01428571 1.00000000 0.06990761 0.20441727 0.02021097 0.82936476 0.45241818 0.26623975 0.83876296 0.26273167 0.33574458 0.28399589 0.38041311 0.51004323 0.78307648 0.86960626 0.41981016 0.49000285 0.41877355 0.82423097 0.54962956 0.56367319 0.55428337 0.80564453 0.79448482 0.76343445 0.87814913 1.00607534 0.47587649
0.01837127 1.04252360 0.07471289 0.12807277 0.00000000 1.12467279 0.45323001 0.29254029 1.00392258 0.34124250 0.38320997 0.30266470 0.48685188 0.54095776 0.84524074 1.13625851 0.38728577 0.70258800 0.54183306 0.89633257 0.74595994 0.81855859 0.71738790 1.06163966 0.92926724 0.76076304 1.22422171 1.02357212 0.72726251
0.28095238 1.09985579 0.16216216 0.12500000 0.03773585 1.00000000 0.50000000 0.25795631 0.94039965 0.34733419 0.38381410 0.37506383 0.48630500 0.62670380 0.84856403 0.99518312 0.43811568 0.71149350 0.51341206 0.98255322 0.61111949 0.70428162 0.70747026 0.91556925 0.92544027 0.78834347 1.08276960 1.11020121 0.60798012
0.01904762 1.13388871 0.02702703 0.16011539 0.07682580 1.03900692 0.56624304 0.20000000 1.00000000 0.36864398 0.40465923 0.37303278 0.48479537 0.63098300 0.86713911 1.01988437 0.44242729 0.71488091 0.52643656 1.02274432 0.63802261 0.70586966 0.71456392 0.93553260 0.95681288 0.81049256 1.10248909 1.14139215 0.62088631
0.18571429 1.32561279 0.02702703 0.06250000 0.20242616 1.04694509 0.62843053 0.28796468 1.07555807 0.36642398 0.45200241 0.38193627 0.47263272 0.67320757 0.99777017 1.05732636 0.54757538 0.62533310 0.56388979 1.15291300 0.62558116 0.63023287 0.71168303 0.93929878 1.01175253 1.00613989 1.01778715 1.32768081 0.52114287
0.00476190 1.07097674 0.08632076 0.14750864 0.00000000 1.06799835 0.51594360 0.27592197 0.96127887 0.34302529 0.37926803 0.35642868 0.49623006 0.60383418 0.84757605 1.05063753 0.41993640 0.72474607 0.52163783 0.94329729 0.66392863 0.76342722 0.71940210 0.97819168 0.93003159 0.77058913 1.15382886 1.07655773 0.66596616
0.01428571 1.11548935 0.06232081 0.12969002 0.00000000 1.06395612 0.54869437 0.30052019 0.98201655 0.35819846 0.40287716 0.36644291 0.50125198 0.63127231 0.89621976 1.08250393 0.44939323 0.72315386 0.51513452 0.98358928 0.71406339 0.78039545 0.72373564 1.02346208 0.98973514 0.81701880 1.20069847 1.15067365 0.69564368
0.05491519 1.02448040 0.11422243 0.25938611 0.03845239 0.87566511 0.49216004 0.27597790 0.86598271 0.25330554 0.32587198 0.34160101 0.42856977 0.57756689 0.81367703 0.86757867 0.45806062 0.55643761 0.44022233 0.85654431 0.49946665 0.58862705 0.60611393 0.79696333 0.80193471 0.79014084 0.88638918 1.05334066 0.46364032
0.01904762 1.08962490 0.08683893 0.12500000 0.01886792 1.01605635 0.55633846 0.26297909 0.92802562 0.34583162 0.37995645 0.38456617 0.49253340 0.63789524 0.84783231 0.98854825 0.44030883 0.72340565 0.50327918 0.97579370 0.61272727 0.71416444 0.70963378 0.91792595 0.93073359 0.77976681 1.09611071 1.11293778 0.61883677
0.04285714 1.33877614 0.05405405 0.12500000 0.11320755 1.06137015 0.62548540 0.28874737 1.09155863 0.36077031 0.45041811 0.38220178 0.47548551 0.67316417 1.00412527 1.06281144 0.55355402 0.62211766 0.57478828 1.15632450 0.61399601 0.62708966 0.71700979 0.93656456 1.00380010 1.01895769 1.00552660 1.33042706 0.50771487
0.03333333 1.12102755 0.02702703 0.12500000 0.05950523 1.02280989 0.56436479 0.26659912 1.00000000 0.25000000 0.39296028 0.38007057 0.48820021 0.63865591 0.86857279 1.00534692 0.45159174 0.70962417 0.51231254 1.00101784 0.62557416 0.70698919 0.70941908 0.92910854 0.94698212 0.80954458 1.09483966 1.14132739 0.61391470
0.10476190 1.27077713 0.11489844 0.29155989 0.14847895 1.03502546 0.61484221 0.29715081 1.04114364 0.34440286 0.25000000 0.33333333 0.48729592 0.68113462 0.97408844 1.03373301 0.53961374 0.64911019 0.54189140 1.09777380 0.60764797 0.65575939 0.71425629 0.93243737 0.98705141 0.96350507 1.03177115 1.28923629 0.53576550
0.02857143 1.08704562 0.08108108 0.06250000 0.00000000 1.09134956 0.51668277 0.30967357 0.99332777 0.35577881 0.39960743 0.34481285 0.50195179 0.60398425 0.88814705 1.12106878 0.42909167 0.72473048 0.52013941 0.94972634 0.75443062 0.81817805 0.72606122 1.06614166 0.98770306 0.79799168 1.24688011 1.11510708 0.73623316
0.03809524 1.34085570 0.12270885 0.33395679 0.20337715 1.06128639 0.62531250 0.29002773 1.09350414 0.36015911 0.45095299 0.38140750 0.47490551 0.67280452 1.00628639 1.06424553 0.55502449 0.61949708 0.57494126 1.15680013 0.61506777 0.62652854 0.71630845 0.93783123 1.00445167 1.02203755 1.00490928 1.33266401 0.50684290
0.06190476 1.10823992 0.18918919 0.37500000 0.05401492 1.01827611 0.55980845 0.26563933 0.94071879 0.25000000 0.38279742 0.38457258 0.50000000 0.64024774 0.85957185 0.99095790 0.45069161 0.71239162 0.50850133 0.98613702 0.60655602 0.70450233 0.70909503 0.91509883 0.93106032 0.79951175 1.08193355 1.12808380 0.60414273
0.00476190 1.30970409 0.02702703 0.06250000 0.19324924 1.04262990 0.62169592 0.20000000 1.06561899 0.36329033 0.44647111 0.38020798 0.47182769 0.66836211 0.98697329 1.05052036 0.54054006 0.62696174 0.55965187 1.13950785 0.62170703 0.63165885 0.70904525 0.93454534 1.00285028 0.99217397 1.01653525 1.31176244 0.52274510
0.06666667 1.50152693 0.11700917 0.06250000 1.00000000 1.07682187 0.67189723 0.20000000 1.17424950 0.42678195 0.52752495 0.34588882 0.42257356 0.64834481 1.05141008 1.08852286 0.57128321 0.54627837 0.64216131 1.33137103 0.61580452 0.50742669 0.70165018 0.89976546 1.04954652 1.13412383 0.90185002 1.42990986 0.41794059
0.01904762 1.30941781 0.12461690 0.32465915 0.18299355 1.04712710 0.61949264 0.29198416 1.06901493 0.34880948 0.25000000 0.38887712 0.47996590 0.67665831 0.99009519 1.04362421 0.54982514 0.62948611 0.56028139 1.12785321 0.60054109 0.63321122 0.71410635 0.92631227 0.98891393 0.99671298 1.00439212 1.31086321 0.50942486
0.08095238 0.99618665 0.02702703 0.12500000 0.01886792 0.84892539 0.46394504 0.25780896 0.85066721 0.50000000 0.35561770 0.28037123 0.38081072 0.50962320 0.78822712 0.89660091 0.41023052 0.50814419 0.43129572 0.85762583 0.58517647 0.57695345 0.56479802 0.83069704 0.82641237 0.76400105 0.91553112 1.01907468 0.50644833
0.06190476 1.39586260 0.02702703 0.06250000 0.28850668 1.05113029 0.63809925 0.26753059 1.11751974 0.39529806 0.48971199 0.35090029 0.43946438 0.64638268 1.02046901 1.07948295 0.55177120 0.57222208 0.59300814 1.22439585 0.64246515 0.57517204 0.69500955 0.93360174 1.03259077 1.06207949 0.97301089 1.36767473 0.48427387
0.07142857 1.22159376 0.02702703 0.23234093 0.05300709 1.03890103 0.65889462 0.34441575 0.99512463 0.32710109 0.39234203 0.48030065 0.56193329 1.00000000 1.00000000 1.02373333 0.56754275 0.77215592 0.49844229 1.05573789 0.61583891 0.76582257 0.76762501 0.97725888 1.02761163 0.91871721 1.15943632 1.31816919 0.62749507
0.03809524 1.32693955 0.12170065 0.32518886 0.19112422 1.05726247 0.62446859 0.29225053 1.08303994 0.35685345 0.44519027 0.38632130 0.47929879 0.67690062 1.00059135 1.05844077 0.55279424 0.62852829 0.56825429 1.14510251 0.61337269 0.63471161 0.71768866 0.93770505 1.00196175 1.01005293 1.01284741 1.32512724 0.51422907
0.12857143 1.19930365 0.10810811 0.18750000 0.01886792 1.03931255 0.62914689 0.31973638 0.98944459 0.50000000 0.39413682 0.44760614 0.53828669 0.73495653 0.95577780 1.00000000 0.53424636 0.74848047 0.50820687 1.04402078 0.61595653 0.74354920 0.75054667 0.96140910 1.00119771 0.89299675 1.13277626 1.26701280 0.61654730
0.03809524 1.32055497 0.02702703 0.31250000 0.01886792 1.05415799 0.61519278 0.29785460 1.08438508 0.35204630 0.44380346 0.37805371 0.47491551 0.66786334 1.00154427 1.06404697 0.55170007 0.61628157 0.56479993 1.13328968 0.62223462 0.63698629 0.71116054 0.94552652 0.99941678 1.01139260 1.01510877 1.32007813 0.51710982
0.01904762 1.10699089 0.07460937 0.06250000 0.06302815 1.01630266 0.56208281 0.25811454 0.93692449 0.36070642 0.39485779 0.37525713 0.48331227 0.63110479 0.85487246 1.00086014 0.43838962 0.71374228 0.50872542 0.99915236 0.63258839 0.70640498 0.70546821 0.92680491 0.94792508 0.79155319 1.10064988 1.12713649 0.62333805
0.08620391 1.34072535 0.12209564 0.33275216 0.20471780 1.06011262 0.62633776 0.28981019 1.09235238 0.36061231 0.45110153 0.38210083 0.47497158 0.67367233 1.00613286 1.06319318 0.55514124 0.62014040 0.57425900 1.15743047 0.61490033 0.62622588 0.71622523 0.93721886 1.00512279 1.02159804 1.00503445 1.33336059 0.50702943
0.40000000 1.10137599 0.08635057 0.16784958 0.05760514 1.00617327 0.55768456 0.26333867 0.93217944 0.34445956 0.25000000 0.33333333 0.48422811 0.63403299 0.85436258 0.98503350 0.50000000 0.70394582 0.50269236 0.98295812 0.60957781 0.69771548 0.70081094 0.91123358 0.93013654 0.79467636 1.07715627 1.12358173 0.60317940
0.05238095 1.09889030 0.08108108 0.16120669 0.01886792 1.01734171 0.50000000 0.26059218 0.93771469 0.34916143 0.38641464 0.37253960 0.48321260 0.62544687 0.85092080 0.99676440 0.43854499 0.70644710 0.50869145 0.98265587 0.62046727 0.70453786 0.70307362 0.92069127 0.93158258 0.78982668 1.08789637 1.11457228 0.61298554
0.01904762 1.11869860 0.08676663 0.16681361 0.06375614 1.02737510 0.56393303 0.26113487 0.94858971 0.35511374 0.39247741 0.38089065 0.48936818 0.63781359 0.86266246 1.00352465 0.44684087 0.71632801 0.51574867 1.00264166 0.62128953 0.70690829 0.71250351 0.92487543 0.94393622 0.80284949 1.09390196 1.13440656 0.61388337
0.01904762 1.18160743 0.08108108 0.18750000 0.04599391 1.02424756 0.61566211 0.32283185 0.97917970 0.31979449 0.38337971 0.44161178 0.53230687 0.72519729 0.94721985 1.00740876 0.53303837 0.73100051 0.49902361 1.01882963 0.60253387 0.73457774 0.73859922 0.94906661 0.98075380 0.88684013 1.11199903 1.25013664 0.60224876
0.00952381 1.32621379 0.12189734 0.32525093 0.19031031 1.05745843 0.62385861 0.29218219 1.08290454 0.35658447 0.44487314 0.38606811 0.47927558 0.67644058 1.00009365 1.05841909 0.55240594 0.62850256 0.56828316 1.14429510 0.61319602 0.63489482 0.71763569 0.93763778 1.00132680 1.00947390 1.01276848 1.32413235 0.51426161
0.06190476 1.16880430 0.27027027 0.56250000 0.05063034 1.01968212 0.60367652 0.20000000 0.97185746 0.25000000 0.37908253 0.43227593 0.52409890 0.70994541 0.93073587 0.99656384 0.52156953 0.72164851 0.50035851 1.00872031 0.59000534 0.72140712 0.73103591 0.93277220 0.96221922 0.87405858 1.09088766 1.22642675 0.58934900
0.01428571 1.03366993 0.06915259 0.06250000 0.01886792 1.11920094 0.45182086 0.29133372 0.99626023 0.34309467 0.38287384 0.30103535 0.48510524 0.53846181 0.83989597 1.13379856 0.38246454 0.70373403 0.53742329 0.89186440 0.75052845 0.82028163 0.71464761 1.06234643 0.93008650 0.75235661 1.22904876 1.01771001 0.73328411
0.08534661 1.32960079 0.12135980 0.32591949 0.19465142 1.05702760 0.62548981 0.29166344 1.08415434 0.35787317 0.44646586 0.38590540 0.47845856 0.67680321 1.00162920 1.05872164 0.55336101 0.62720390 0.56897831 1.14793545 0.61361097 0.63282183 0.71730622 0.93724612 1.00303869 1.01210851 1.01137486 1.32724844 0.51291761
0.04285714 1.29574073 0.11212805 0.31250000 0.16583192 1.05387041 0.58409225 0.28121418 1.07985657 0.25000000 0.44435049 0.33333333 0.45338221 0.62444897 0.97352185 1.06747618 0.52194385 0.59145445 0.57045347 1.11478703 0.63074606 0.62329166 0.69379354 0.94001991 0.97706499 0.98840487 0.99920331 1.27279028 0.51396057
0.00476190 1.23426060 0.07079609 0.16306051 0.11268628 1.10839291 0.60555328 0.26316638 1.04124894 0.41213765 1.00000000 0.37776305 0.49876873 0.65458983 0.93254305 1.10517562 0.46698028 0.73816509 0.57180062 1.12136323 0.70562030 0.73445332 0.75167272 1.00639221 1.03765304 0.88326591 1.17095518 1.23149330 0.66031234
0.08496553 1.32702012 0.12281593 0.32426469 0.18844229 1.06002397 0.62715791 0.29380800 1.08296473 0.35668920 0.44424642 0.39073567 0.48344009 0.68207949 1.00200070 1.05911047 0.55441835 0.63546967 0.56815190 1.14539915 0.61300517 0.63983797 0.72162491 0.93976963 1.00413500 1.00917573 1.01856651 1.32738859 0.51787998
0.01428571 1.05490642 0.02702703 0.06250000 0.00000000 1.06319135 0.50548444 0.30895697 0.96548385 0.34173605 0.25000000 0.34285320 0.49569590 0.59688670 0.86899319 1.09226450 0.42290510 0.71339379 0.50208749 0.91808254 0.73537699 0.80731957 0.71109557 1.04402863 0.96430652 0.77658724 1.22478927 1.08997121 0.72376365
0.02857143 1.01422412 0.10788289 0.06250000 0.01886792 0.86642169 0.49154293 0.27569132 0.85572670 0.25412303 0.32478426 0.34086133 0.42658534 0.57623940 0.80837711 0.86241648 0.45425111 0.55661331 0.43331874 0.85062017 0.50310282 0.58946661 0.60202740 0.79633692 0.80264772 0.78146865 0.89011506 1.04841713 0.46892629
0.03809524 1.04832522 0.07622625 0.12500000 0.00000000 1.13461298 0.50000000 0.29440308 1.00895760 0.34416668 0.38469303 0.30933147 0.49411843 0.54954021 0.85027842 1.14291586 0.39009690 0.71559401 0.54544539 0.90291644 0.74929034 0.82840538 0.72625137 1.06891721 0.93687586 0.76267240 1.23730850 1.03080258 0.73554133
0.00476190 1.32083190 0.02702703 0.06250000 0.19806652 1.04669348 0.62461068 0.28742947 1.07400810 0.36497193 0.45032849 0.37975937 0.47164127 0.66975904 0.99450299 1.05668366 0.54498380 0.62391855 0.56341811 1.14791170 0.62502389 0.63044765 0.71034270 0.93859974 1.00802054 1.00254834 1.01670427 1.32160644 0.52112367
0.05238095 1.23993880 0.05405405 0.12500000 0.07741035 1.07742641 0.64485225 0.31829382 1.02371208 0.35135052 0.41029634 0.45405897 0.54904937 0.74729093 0.97768319 1.05369847 0.54222010 1.00000000 0.53284677 1.08474472 0.63162921 0.75649367 0.77278035 0.98355341 1.02705334 0.91764656 1.15670698 1.29678752 0.62855906
0.07481200 1.31500687 0.16216216 0.50000000 0.17034534 1.06955614 0.58623624 0.28392116 1.09842006 0.25000000 0.44466223 0.34948473 0.45856120 0.62985743 0.98509464 1.07500317 0.53194400 0.59119593 0.58177269 1.12398212 0.62092893 0.62196960 0.70168869 0.94003754 0.97477276 1.00619186 0.99077061 1.28417391 0.50219045
0.01939296 1.05986605 0.07627376 0.13209154 0.00000000 1.13844281 0.46288331 0.29973833 1.01816972 0.34440462 0.38817787 0.31029151 0.49553313 0.55341390 0.86118644 1.15113610 0.39721540 0.71293535 0.54753422 0.90980520 0.75541263 0.83078320 0.72811800 1.07706326 0.94457634 0.77533683 1.24197476 1.04431380 0.73678484
0.13333333 1.18294509 0.11601822 0.18750000 0.03773585 1.02842281 0.61337950 0.20000000 0.97981882 0.32411411 0.38485444 0.43790970 0.52872214 0.71859300 0.93889767 1.00379941 0.52602180 0.73102202 0.50598720 1.02482204 0.59440835 0.72529219 0.73872158 0.93852949 0.97386842 0.88206399 1.09982639 1.24068415 0.59397949
0.08967025 1.38781314 0.12358528 0.36319133 0.24929469 1.06859213 0.62687430 0.28144898 1.12703985 0.37152788 0.47163086 0.36089588 0.45523571 0.65476427 1.02468443 1.08124895 0.56190672 0.58076435 0.59567744 1.19644800 0.62128047 0.59234071 0.70632452 0.93529255 1.01177112 1.06399422 0.97150805 1.35792644 0.47768682
0.04285714 1.08607594 0.02702703 0.06250000 0.00000000 1.08521698 0.51723658 0.30996184 0.99032391 0.35658004 0.40078457 0.34310407 0.49909663 0.60265224 0.88817866 1.11921551 0.42901911 0.72035394 0.51700346 0.94981053 0.75718514 0.81537061 0.72231087 1.06580801 0.98948397 0.79832411 1.24581405 1.11667353 0.73622611
0.00476190 1.32503459 0.12196372 0.12500000 0.18868886 1.05744887 0.62363097 0.29257872 1.08228294 0.35613987 0.44429721 0.38648533 0.47979709 0.67679502 0.99976512 1.05824136 0.55230049 0.62932868 0.56780614 1.14307802 0.61316581 0.63592430 0.71789256 0.93795012 1.00107902 1.00857015 1.01371808 1.32346776 0.51504715
0.13809524 1.15902473 0.35135135 0.12500000 0.05133326 1.00810322 0.60787807 0.20000000 0.95834247 0.25000000 0.37802413 0.43606483 0.52432653 0.71413627 0.92599479 0.98809629 0.51940390 0.72689016 0.60000000 1.00547739 0.59207324 0.72307870 0.72863911 0.93057172 0.96586169 0.86434824 1.09666824 1.22539539 0.59594268
0.01904762 1.32493924 0.02702703 0.32048391 0.19131601 1.05297211 0.62463284 0.29245331 1.08015818 0.35776939 0.44595586 0.38506819 0.47746941 0.67581515 0.99997300 1.05744426 0.55198535 0.62638514 0.56565188 1.14446020 0.61642442 0.63389042 0.71517763 0.93830269 1.00362646 1.00891600 1.01389332 1.32533223 0.51589127
0.00952381 1.12469941 0.10810811 0.16607576 0.06688716 1.02976391 0.56653052 0.26162008 0.95262212 0.35798631 0.39575334 0.38067318 0.50000000 0.63885309 0.86667302 1.00805754 0.44837254 0.71633203 0.51765912 1.00881545 0.62599378 0.70757688 0.71362660 0.92887283 0.94928809 0.80751608 1.09741098 1.14042502 0.61598919
0.05714286 1.24957376 0.13513514 0.18750000 0.13985447 1.01736691 0.61048278 0.29856797 1.00000000 0.33331214 0.25000000 0.39984300 0.48742676 0.68266508 0.96291501 1.01267916 0.53846745 0.64761903 0.52901238 1.07620046 0.59129015 0.65195731 0.70776972 0.91720329 0.97196195 0.94912571 1.01940983 1.27532804 0.52817554
0.01428571 1.10658878 0.08108108 0.06250000 0.06138739 1.01572861 0.56300558 0.25982566 0.93618999 0.35790672 0.39263874 0.37827220 0.48547699 0.63442244 0.85581641 0.99837984 0.44090258 0.71532192 0.50762552 0.99699884 0.62837590 0.70714837 0.70657499 0.92503143 0.94620218 0.79213711 1.09918467 1.12828521 0.62140261
0.07142857 1.11891959 0.08035592 0.15868897 0.06820553 1.02169392 0.56545611 0.26025780 0.94591651 0.35896211 0.39591553 0.37807259 0.48558642 0.63561221 0.86272946 1.00373322 0.44537828 0.71247885 0.51324760 1.00599033 0.62804472 0.70436140 0.70871079 0.92656466 0.94891916 0.80295111 1.09579817 1.13698256 0.61664509
0.05238095 0.96781269 0.05405405 0.19382097 0.02194494 0.81739055 0.44943476 0.26274521 1.00000000 0.25000000 0.33451899 0.28015946 0.37493964 0.50431348 0.77424066 0.86089019 0.41367552 0.48529017 0.41231049 0.81779686 0.54959594 0.55825127 0.54702212 0.79943279 0.79076388 0.75344930 0.87355011 0.99681636 0.47554373
0.15714286 1.17001562 0.05405405 0.18750000 0.01886792 1.01953854 0.60232198 0.31582852 0.97472660 0.31870259 0.38175953 0.33333333 0.52218371 0.70714033 0.93451358 1.00350973 0.50000000 0.71720626 0.49942660 1.00872035 0.60053824 0.72448416 0.72899963 0.94138080 0.96756423 0.87752745 1.09802954 1.22968241 0.59521350
0.03809524 1.24170280 0.02702703 0.06250000 0.14245782 0.99842504 0.61751324 0.30005628 1.00655243 0.34178745 0.41839359 0.39893043 0.48254933 0.68421719 0.96200370 1.00963718 1.00000000 0.64688049 0.40000000 1.07854781 0.61034671 0.65394440 0.70008341 0.92430110 0.98786066 0.94229560 1.03511415 1.28213224 0.54412110
0.00476190 1.21223626 0.05405405 0.23893546 0.05976942 1.03169404 0.63484468 0.33126512 0.99579971 0.32659668 0.39398279 0.45168740 0.53904573 0.74357064 0.97210574 1.02127294 0.55030706 0.73657038 0.50353856 1.04582793 0.61405448 0.73980551 0.74748516 0.96372382 1.00553233 0.91353241 1.12621965 1.28843976 0.60751399
0.02380952 1.00245184 0.05405405 0.24496930 0.03755094 0.85099022 0.48826067 0.27364890 0.84269196 0.24958549 0.25000000 0.33924010 0.42166728 0.57258126 0.79996771 0.84766350 0.45166544 0.54893911 0.42518093 0.84035844 0.49403273 0.58015642 0.59359010 0.78379357 0.79320323 0.77356096 0.87637359 1.03945417 0.46054928
0.11428571 1.32868945 0.05405405 0.25000000 0.20096728 1.04262141 0.62486808 0.29231688 1.07884380 0.25000000 0.25000000 0.38175509 0.47131999 0.67289212 1.00176492 1.05133697 0.55512826 0.61298274 0.56279437 1.14601939 0.61245064 0.62186542 0.70767102 0.93119984 1.00118260 1.01562300 0.99946455 1.32965858 0.50475317
0.11904762 1.18920323 0.08108108 0.23051704 0.01886792 1.03842087 0.60942008 0.20000000 0.99091291 0.33097681 0.50000000 0.42862300 0.50000000 0.70967941 0.94304755 1.02140832 0.52198950 0.72671062 0.51234225 1.00000000 0.61328499 0.73039248 0.73883818 0.95394556 0.98261677 0.88711836 1.11248682 1.24214755 0.60446336
1.00000000 1.34808571 1.00000000 1.00000000 0.20978580 1.06764314 0.62536003 0.28892017 1.09986696 0.25000000 0.25000000 0.33333333 0.50000000 0.67682525 1.00788688 1.05887993 0.56062356 0.61985430 0.58090511 1.15764396 0.59579432 0.62035263 0.72051566 0.92649381 0.99363784 1.02840817 0.98797429 1.33316673 0.49057630
0.01904762 1.33965297 0.12266940 0.33338808 0.20307372 1.06088727 0.62490772 0.28967600 1.09261226 0.36004292 0.45056820 0.38132828 0.47481602 0.67246801 1.00532137 1.06353611 0.55440369 0.61973413 0.57464246 1.15595675 0.61461369 0.62647179 0.71611780 0.93722927 1.00375706 1.02084252 1.00465618 1.33140407 0.50686748
0.04859189 0.96811505 0.06976821 0.20306550 0.02043561 0.81845854 0.44858250 0.26399449 0.82807090 0.25870071 0.33107538 0.28265688 0.37701077 0.50648690 0.77476733 0.85769797 0.41655242 0.48522466 0.41285547 0.81444383 0.54130997 0.55711421 0.54823008 0.79515849 0.78525733 0.75510492 0.86729764 0.99611177 0.46944878
0.01428571 1.14976147 0.13513514 0.37500000 0.05618943 1.02933608 0.59215441 0.28118123 0.96490969 0.75000000 0.42787392 0.33333333 0.50000000 0.65115126 0.90300251 1.05779440 0.50000000 0.72418885 0.20000000 1.00000000 1.00000000 0.74329321 0.71611713 0.99882439 1.02524465 0.83030959 1.18400949 1.19720142 0.68400820
0.05238095 1.21156656 0.35135135 0.68750000 0.09843777 1.07190341 0.49492109 0.25540540 1.06660867 0.25000000 0.40193279 0.33333333 0.43367601 0.50000000 0.89797415 1.04487140 0.46829752 0.55752257 1.00000000 1.01553676 0.57308359 0.60487409 0.67348134 0.89335533 0.86529784 0.92167059 0.92695540 1.12994986 0.47035186
0.19523810 1.30202744 0.05405405 0.18750000 0.21436497 1.00916352 0.59180192 0.27200319 1.06137270 0.36058217 0.50000000 0.33561002 0.42951095 0.61532524 0.97033124 1.03893297 0.52418902 0.55417296 0.55625896 1.12812966 0.62236080 0.57949718 0.66638465 0.91109086 0.97633420 0.99777491 0.95586114 1.28473757 0.48421667
0.04925137 0.95562324 0.02702703 0.12500000 0.02008689 0.80629904 0.44805967 0.26159514 0.81463463 0.26183169 0.33108124 0.28045553 0.37304556 0.50328748 0.76679868 0.85099841 0.41009570 0.48490763 0.40477109 0.80926569 0.54681278 0.55631392 0.54234317 0.79346492 0.78682488 0.74332398 0.87118686 0.98922170 0.47603248
0.02380952 1.19918026 0.02702703 0.06250000 0.05287974 1.02407208 0.64111561 0.33251674 0.98097381 0.33242508 0.39423715 0.45777904 0.54302907 0.75088517 0.96757368 1.01861366 0.54594249 0.75165377 0.49382395 1.04290608 0.62586099 0.75221803 0.74925176 0.97086575 1.01672934 0.89879391 1.14881588 1.28790842 0.62774885
0.07619048 1.28068397 0.16216216 0.56250000 0.01886792 1.05860243 0.58694113 0.28131193 1.06743431 1.00000000 0.25000000 0.36910386 0.47200721 0.64515769 0.96314835 1.04317250 0.52701029 0.61919558 0.56818547 1.09644186 0.58945168 0.63038811 0.70806752 0.91673011 0.95429948 0.97191972 0.98729369 1.25925060 0.50141515
0.04761905 1.03800752 0.07583665 0.12500000 0.00000000 1.12705265 0.45026149 0.29014719 1.00248702 0.34129649 0.38176237 0.30160911 0.48702592 0.53833823 0.84060243 1.13566155 0.38343431 0.70501206 0.54304847 0.89323627 0.74427915 0.81958324 0.71814360 1.06013850 0.92561562 0.75526713 1.22415282 1.01631389 0.72804001
0.01428571 1.31781699 0.05405405 0.06250000 0.19841888 1.04459034 0.62106191 0.28537892 1.07256392 0.75000000 0.45045302 0.33333333 0.46817398 0.66428763 0.99109237 1.05576588 0.54170812 0.61926854 0.56323889 1.14566953 0.62554352 0.62715848 0.70704439 0.93677529 1.00509407 1.00019274 1.01297988 1.31638752 0.51946463
0.02857143 1.01600841 0.10815506 0.25000000 0.04155893 0.86477929 0.49230257 0.27350969 0.85531674 0.25499923 0.32555586 0.34028566 0.42494283 0.57544391 0.80751099 0.85997431 0.45400437 0.55464700 0.43396243 0.85327699 0.50042376 0.58501903 0.60085295 0.79247548 0.80160251 0.78221749 0.88491061 1.04870510 0.46500579
0.03333333 0.99324781 0.02702703 0.06250000 0.01886792 0.84305783 0.49352896 0.27451684 0.83137022 0.25924702 0.32497034 0.33959857 0.42124687 0.57464062 0.79768731 0.85096620 0.44589240 0.55748164 0.41666019 0.84194224 0.51508995 0.59067147 0.59222101 0.79614900 0.80924445 0.76277563 0.90120553 1.04162149 0.48324633
0.00476190 1.33944941 0.12282260 0.33359828 0.20268776 1.06108881 0.62456731 0.28966106 1.09272197 0.35989607 0.45044995 0.38113653 0.47477527 0.67218053 1.00516863 1.06364439 0.55425766 0.61960052 0.57475079 1.15562600 0.61454645 0.62651708 0.71609116 0.93724526 1.00343666 1.02072427 1.00454340 1.33097995 0.50680035
0.02380952 1.26487958 0.11102807 0.18750000 0.14399155 1.03202891 0.61807338 0.29872339 1.03457387 0.34566984 0.42346972 0.40000743 0.49045264 0.68617818 0.97274354 1.03192294 0.53893018 0.65710041 0.53726150 1.09543819 0.61120397 0.66231586 0.71598834 0.93535426 0.99144112 0.95727252 1.04191108 1.28963884 0.54437401
0.28571429 1.24880573 0.43243243 1.00000000 0.06835640 1.09745008 0.64343646 0.20000000 1.00000000 0.30639882 0.37585600 1.00000000 0.57741362 0.77892444 0.98453227 1.02210388 0.57319514 0.78294932 0.20000000 1.05929288 0.50000000 0.75017838 0.79455693 0.93960443 0.97495839 0.93382823 1.09906788 1.29439993 0.56940311
0.16666667 1.26294897 0.02702703 0.12500000 0.14797514 1.02297619 0.62227612 0.29904316 1.00000000 0.34933352 0.42606641 0.40034254 0.48825836 0.68780674 0.97286422 1.02926980 0.53858674 0.65641935 0.53159091 1.09790285 0.61774557 0.66151720 0.71256802 0.93674100 0.99828014 0.95546421 1.04656355 1.29411226 0.54935089
0.00476190 1.01367811 0.02702703 0.24216553 0.04229844 0.85787043 0.49341366 0.27435577 0.85093026 0.25592071 0.32648714 0.33938943 0.42270806 0.57510373 0.80738263 0.85784721 0.45387067 0.55170966 0.42969085 0.85259415 0.50415293 0.58370785 0.59733276 0.79298764 0.80433840 0.78133610 0.88611909 1.05040291 0.46692352
0.04285714 1.10046057 0.10077281 0.06250000 0.03773585 0.94976996 0.56744949 0.29261611 0.91178106 0.30270730 0.25000000 0.39949664 0.48495008 0.50000000 0.87560430 0.93755789 0.48852335 0.66726496 0.46752789 0.95247088 0.56367214 0.50000000 0.67951906 0.87830599 0.90952265 0.82456622 1.02341056 1.15611469 0.55419788
0.18571429 1.35580970 0.16216216 0.93750000 0.09433962 1.08494624 0.61957852 0.29403630 1.11613794 0.34764790 0.44450306 0.38518907 0.48328443 0.67584079 1.01520121 1.07164311 0.50000000 0.61960262 0.58991263 1.15507409 0.59471016 0.62755253 0.72699543 0.93469816 0.98964100 1.03815732 0.98994399 1.33386622 0.48881971
0.08669630 1.33940279 0.02702703 0.32814374 0.20565606 1.05573276 0.62692614 0.29001596 1.08969368 0.36174955 0.45215309 0.38095519 0.47309357 0.67284119 1.00591493 1.06226184 0.55462382 0.61788598 0.57172870 1.15749306 0.61805795 0.62514314 0.71372621 0.93782728 1.00722790 1.02100987 1.00598345 1.33432925 0.50853667
0.08095238 1.23688602 0.16216216 0.18750000 0.13061196 1.05604099 1.00000000 0.28281655 1.01559911 0.37941413 0.43248799 0.33333333 1.00000000 0.69166457 0.94833563 1.05042393 0.50600024 0.72099873 0.54057178 1.10539376 0.65126711 0.70714811 1.00000000 0.96419141 1.02123847 0.90501856 1.11886782 1.26576098 0.61258087
0.07619048 1.27490964 0.11592909 0.29255604 0.14871668 1.03747584 0.61940452 0.29949038 1.04304910 0.34463395 0.42477553 0.40052944 0.49121454 0.68761305 0.97842962 1.03520661 0.54350069 0.65452672 0.54218802 1.10125361 0.60776992 0.65956472 0.71811166 0.93498575 0.99127252 0.96664643 1.03659936 1.29606015 0.53807473
0.06548917 1.12961890 0.08317292 0.16361487 0.07002947 1.03193043 0.56972681 0.26178811 0.95537344 0.36128735 0.39881632 0.38131602 0.48987343 0.64072669 0.86990814 1.01188752 0.44942972 0.71820826 0.51910752 1.01487144 0.63061369 0.70907108 0.71527832 0.93267637 0.95500135 0.81060905 1.10216326 1.14596563 0.61922858
0.19047619 1.13772368 0.05405405 0.25000000 0.07110470 1.03036380 0.57299808 0.26732570 0.96002761 0.35575090 0.39742032 0.38531503 0.49191603 0.64686753 0.87843221 1.01048071 0.50000000 0.71383310 0.51836021 1.01603593 0.62466025 0.70658805 0.71559452 0.93122190 0.95471403 0.82196988 1.09567323 1.15684169 0.61134814
0.02380952 1.26346698 0.10748184 0.12500000 0.14618212 1.02846814 0.61963361 0.29804930 1.03135046 0.34780308 0.42468786 0.39986955 0.48934578 0.68633329 0.97182545 1.03067371 0.53784182 0.65736429 0.53514078 1.09663640 0.61401986 0.66189843 0.71461648 0.93560506 0.99413263 0.95538874 1.04399648 1.29040271 0.54681647
0.11904762 1.24321992 0.10096609 0.06250000 0.13442836 1.01971805 0.61669646 0.29740329 1.01525810 0.34754175 0.42006273 0.40090267 0.49003188 0.68540615 0.96074984 1.02334215 0.50000000 0.66463037 0.52595646 1.08307222 0.61701565 0.66874242 0.71227356 0.93523037 0.99206649 0.93677131 1.05358837 1.27694443 0.55785411
0.06190476 1.09115556 0.02702703 0.15649098 0.06099255 0.99860585 0.55487738 0.25776226 0.92225586 0.34739633 0.25000000 0.37547665 0.47956690 0.62792454 0.84451855 0.97849323 0.43857734 0.70262561 0.49914514 0.97927280 0.61006476 0.69352179 0.69588086 0.90570769 0.92703986 0.78345708 1.07451307 1.11297269 0.60438020
0.21428571 1.16061663 0.21621622 0.50000000 0.04685239 1.00402971 0.60168248 0.31720144 0.96219885 0.25000000 0.37150227 0.33333333 1.00000000 0.71198028 0.92932196 0.98180092 0.52686080 0.71219641 0.49055195 0.99519354 0.50000000 0.71412816 0.72377278 0.92162481 0.95199431 0.87384608 1.07565326 1.22473501 0.57742485
0.17619048 1.38692756 0.10810811 0.75000000 0.22668555 1.08870372 0.64440983 0.29440243 1.12658111 0.50000000 0.45989731 0.66666667 0.48738684 0.69423692 1.03461104 1.08128091 0.57670992 0.63023995 0.59470442 1.19258540 0.50000000 0.62793925 0.73550224 1.00000000 1.01971960 1.05853044 1.00475922 1.37195179 0.49655575
0.01428571 1.39531867 0.13513514 0.31250000 0.27953152 1.06511853 0.62815970 0.20000000 1.12670023 0.38337135 0.48042737 0.35182799 0.44412349 0.64381140 1.01747653 1.07777111 0.50000000 0.57218683 0.60184881 1.21344580 0.62100542 0.57386059 0.70033262 0.92414188 1.01228156 1.06331878 0.95612012 1.35489777 0.46841353
0.00952381 1.22961846 0.05405405 0.25000000 0.03773585 1.04846021 0.64739381 0.33831814 1.00922610 0.32863714 0.39668093 0.46508044 0.55241394 0.76198126 0.98773944 1.03344655 0.56185920 0.75494203 0.51001293 1.05962635 0.61737509 0.75479354 0.76284209 0.97651007 1.01969387 0.92625401 1.14478030 1.30972708 0.61662915
0.02857143 1.35372765 0.02702703 0.32578634 0.21171180 1.07073224 0.63132202 0.28808012 1.10286102 0.50000000 0.46049616 0.37987375 0.47496293 0.67359401 1.01281920 1.07777648 0.55433460 0.62421883 0.58165466 1.17396657 0.63007066 0.63068604 0.72088454 0.94947511 1.01927509 1.02859122 1.01869726 1.34349519 0.51703774
0.13809524 1.12365623 0.02702703 0.12500000 0.07654839 1.01682488 0.57154356 0.26014361 0.94441455 0.36411069 0.40056669 0.37880215 0.48396664 0.63835539 0.86610630 1.00423163 0.44685825 0.71211110 0.51111288 1.01424840 0.63465171 0.70277431 0.70733121 0.92894887 0.95784467 0.80604930 1.09987769 1.14591168 0.62009363
0.07142857 1.17840279 0.32432432 0.12500000 0.04992697 1.03167848 0.60835030 0.31398343 0.98120072 0.32326982 0.38413972 0.33333333 0.50000000 0.71431251 0.93773280 1.00908470 0.52321649 0.73034584 0.50626592 1.01913380 0.60017491 0.73046561 0.73850029 0.94458069 1.00000000 0.87942720 1.10597063 1.23534850 0.59948205
0.00476190 1.09234396 0.06249220 0.11841491 0.00000000 1.12729168 0.49987515 0.31106742 1.02045687 0.35716788 0.40246676 0.33188037 0.50452159 0.58829202 0.89130215 1.15430108 0.42133052 0.72642653 0.53943718 0.94699283 0.77180097 0.83597386 0.73574696 1.09067781 0.98620421 0.80213692 1.26561641 1.10233488 0.74959988
0.03333333 1.04947100 0.02702703 0.06250000 0.01886792 1.10535135 0.45819110 0.28514754 0.99686912 0.25000000 0.38700926 0.29906934 0.47564512 0.53742736 0.84305942 1.11995254 0.38894580 0.68539127 0.53820500 0.90668949 0.73503300 0.79313431 0.70566502 1.04200572 0.92601433 0.76681635 1.19618738 1.02952242 0.70664377
0.00952381 1.10870518 0.08637070 0.16851399 0.05721616 1.01562570 0.55831520 0.26347413 0.94078519 0.25000000 0.38752643 0.37794006 0.48542243 0.63346709 0.85867722 0.99497273 0.44664984 0.70624688 0.50843669 0.98974897 0.61646782 0.70183746 0.70468707 0.91895232 0.93554516 0.79951592 1.08435747 1.12762699 0.60782799
0.00476190 1.01929958 0.07974215 0.13239029 0.00000000 1.10961258 0.44266464 0.29183360 0.98682050 0.32844246 0.25000000 0.30184412 0.48428195 0.53552010 0.83065747 1.11608646 0.38291102 0.69600768 0.53178258 0.87100348 0.72721136 0.81174161 0.70902344 1.04419549 0.90760436 0.74521165 1.20560820 1.00191258 0.71539955
0.10476190 1.27996046 0.18918919 0.37500000 0.14760212 1.04236449 0.62004517 0.30151597 1.04846262 0.34222651 0.42396241 0.40267496 0.49384262 0.69040262 0.98244405 1.03742652 0.54733032 0.65536352 0.54497471 1.10246926 0.60442620 0.66068574 0.72105917 0.93563348 0.99036806 0.97193985 1.03515871 1.29971787 0.53513242
0.01770307 1.04318453 0.07690763 0.13160122 0.00000000 1.12763262 0.45161054 0.29264902 1.00633880 0.34014160 0.38257726 0.30211164 0.48732504 0.54001839 0.84542232 1.13771721 0.38732686 0.70231477 0.54364634 0.89544994 0.74469535 0.81900143 0.71826788 1.06186463 0.92736063 0.76158912 1.22318340 1.02220329 0.72606390
0.20952381 1.35710151 0.40540541 0.81250000 0.13207547 1.07822110 0.61818098 0.40000000 1.11633362 0.34008329 0.44116389 0.33333333 0.50000000 0.67660126 1.01892270 1.06639291 0.57126878 0.50000000 0.58649531 1.14959957 0.58734110 0.62173955 0.72270133 0.92980836 0.98407370 1.04512319 0.97835670 1.33737545 0.47852126
0.18571429 1.08592624 0.05405405 0.11813476 0.00000000 1.14002612 0.48533109 0.30515956 1.02723204 0.25000000 0.50000000 0.31892923 0.49968967 0.57071934 0.88233878 1.16496146 0.40898217 0.72197285 0.54817670 0.94082429 0.77783926 0.83769388 0.73485068 1.09527250 1.00000000 0.79468233 1.26635563 1.08231008 0.75260254
0.00476190 1.34695902 0.02702703 0.32606761 0.16913454 1.05402423 0.64762756 1.00000000 1.09220522 0.34983422 0.44690384 0.40888821 0.49713469 0.71276405 1.03852873 1.07238486 0.58475136 0.63952600 0.55522373 1.15139434 0.63275652 0.66133735 0.72789270 0.96862875 1.03459806 1.04001918 1.05006744 1.37726196 0.53486855
0.01428571 0.96996600 0.06612665 0.19683795 0.02098965 0.82214471 0.44866525 0.26253790 0.83061586 0.26350784 0.33471805 0.27998638 0.37598634 0.50398536 0.77506423 0.86381486 0.41369411 0.48655516 0.41520565 0.81889841 0.54936790 0.55959522 0.54907287 0.80078565 0.79031065 0.75476247 0.87424577 0.99651635 0.47551087
0.08512277 1.32668826 0.12124152 0.32500708 0.19405612 1.05543248 0.62421271 0.29088798 1.08195018 0.35730028 0.44549384 0.38530208 0.47777654 0.67553931 0.99932748 1.05671775 0.55197033 0.62669084 0.56805069 1.14560747 0.61232799 0.63198552 0.71625451 0.93544151 1.00098015 1.00000000 1.00981650 1.32416370 0.51227588
0.00476190 1.32649037 0.02702703 0.32179475 0.19341240 1.05346961 0.62448923 0.29168821 1.08131687 0.35822744 0.44660847 0.38423338 0.47668913 0.67489482 1.00014582 1.05778062 0.55189432 0.62510232 0.56669187 1.14590534 0.61606200 0.63231982 0.71487676 0.93763201 1.00336227 1.01005216 1.01208015 1.32559579 0.51441698
0.08887497 1.37557940 0.11815963 0.32824707 0.21663405 1.09049424 0.64207675 0.29086460 1.12078700 0.37952765 1.00000000 0.38615478 0.48317098 0.68435840 1.02778135 1.09637955 0.56132618 0.63762359 0.59257880 1.19506801 0.64144302 0.64213197 0.73413289 0.96544352 1.03693504 1.04305496 1.03775164 1.36391885 0.52772580
0.14285714 1.45325219 0.21621622 0.56250000 0.29475094 1.10589214 0.63797571 0.27568084 1.17929793 0.37986304 0.48902369 0.35848677 0.45495878 0.65725371 1.05428966 1.10702326 0.58002962 0.56902258 0.63160732 1.24767012 0.61176589 0.57265084 0.71977263 0.93539814 1.01993328 1.11613077 0.94566580 1.39534874 0.44699041
0.01428571 0.97611648 0.06933763 0.25000000 0.02291016 0.82684902 0.44878670 0.26289520 0.83668590 0.26302925 0.33562563 0.33333333 0.37651188 0.50415826 0.77842938 0.86701200 0.41598888 0.48516269 0.41897193 0.82233034 0.54791632 0.55857202 0.55073753 0.80139644 0.79008361 0.76037476 0.87172397 0.99968802 0.47223712
0.06666667 1.17862805 0.05405405 0.25000000 0.06721477 1.00604576 0.60623024 0.31273705 0.97260061 0.31690834 0.50000000 0.42744748 0.51512642 0.70668624 0.93631556 0.99087014 0.52728716 0.70233664 0.49737198 1.01572513 0.58791761 0.70445172 0.72090437 0.92543038 0.96296810 0.88713737 1.00000000 1.23742211 0.57497245
0.30952381 1.34111769 0.10810811 1.00000000 0.21103049 1.05709486 0.62728000 0.28731883 1.09033713 0.36243506 0.45229015 0.38115216 0.47280724 0.67248637 1.00443623 1.06049404 0.55391606 0.61842601 0.57391234 1.15996127 0.61395019 0.62209334 0.71440826 0.93387974 1.00510971 1.02084358 1.00137619 1.33314431 0.50482271
0.00952381 1.02322500 0.11301138 0.25681266 0.04187163 0.87323273 0.49301126 0.27428523 0.86325303 0.25447877 0.32613547 0.34173367 0.42771053 0.57745795 0.81172883 0.86495726 0.45684829 0.55681788 0.43929860 0.85734185 0.49857859 0.58677981 0.60523994 0.79454010 0.80185996 0.78801172 0.88499971 1.05239330 0.46315391
0.02857143 0.96866391 0.05405405 0.19469410 0.02187495 0.81952134 0.44865050 0.26218774 0.82868780 0.26389641 0.33493594 0.27929806 0.37481491 0.50321997 0.77418492 0.86248223 0.41305287 0.48524416 0.41383902 0.81847033 0.55003353 0.55841369 0.54754376 0.80006996 0.79049688 0.75379951 0.87364322 0.99606262 0.47556008
0.13333333 1.18683854 0.11382132 0.23585519 0.05086158 1.02602942 0.61917554 0.32275601 0.98154336 0.32101940 0.38472054 0.44401420 0.53372181 0.72860950 0.95009073 1.00800535 0.53547267 0.73310923 0.50062394 1.02404532 0.60146206 0.73414082 0.74072128 0.94886457 0.98333194 0.89035900 1.11196022 1.25537948 0.60120326
0.00476190 1.42141778 0.12461641 0.37783915 0.28802415 1.07915076 0.63332559 0.27109613 1.14875246 0.38466382 0.48714080 0.35210934 0.44595161 0.64776395 1.03473592 1.09231254 0.56430725 0.56716645 0.61302968 1.23087045 0.62378514 0.57225258 0.70589056 0.93214502 1.02027627 1.08761336 0.95432651 1.37542613 0.46205718
0.00952381 1.33947991 0.12273556 0.33344828 0.01886792 1.06098504 0.62470081 0.28965725 1.09263278 0.35996637 0.45049250 0.38121380 0.47479012 0.67229097 1.00519642 1.06358354 0.55428853 0.61967830 0.57468552 1.15573574 0.61459006 0.62651481 0.71609594 0.93723871 1.00356855 1.02071725 1.00462021 1.33111479 0.50686353
0.21428571 1.21178676 0.05405405 0.43750000 0.06189604 1.03636470 0.62590913 0.32704182 1.00029367 0.31888308 0.38837552 0.44803866 0.53695349 0.73626778 0.96659425 1.01553744 0.54907158 0.72876165 0.50973141 1.03921966 0.59562187 0.72966393 0.74620327 0.95021652 0.98727504 0.91427734 1.10346282 1.27623834 0.58901639
0.05238095 1.17480573 0.02702703 0.12500000 0.04302871 1.01790099 0.62009120 0.32384781 0.97025317 0.32493180 0.38535196 0.44386158 0.53316858 0.72868193 0.94558714 1.00717238 0.53031776 0.73801307 0.49240836 1.01887975 0.61357601 0.74149404 0.73819527 0.95534981 0.99035472 0.87921528 1.12723744 1.25194764 0.61605253
0.03809524 1.40594906 0.08108108 0.25000000 0.28645019 1.06274194 0.63283169 0.26936601 1.13190036 0.50000000 0.48700801 0.33333333 0.44092365 0.64422149 1.02592094 1.08395629 0.55732787 0.56559646 0.60193757 1.22370021 0.63126079 0.50000000 0.69791660 0.93073386 1.02272842 1.07405080 0.95939369 1.36818968 0.47029522
0.02380952 1.00986809 0.10393677 0.18750000 0.04001490 0.86061470 0.49224861 0.27257514 0.84932699 0.25671956 0.32543848 0.33994297 0.42412514 0.57467621 0.80380475 0.85778703 0.45078182 0.55656402 0.43056296 0.85078991 0.50360188 0.58650973 0.59930452 0.79284313 0.80291109 0.77599275 0.88898757 1.04527809 0.46975186
0.12380952 1.05184523 0.08301965 0.06250000 0.04307923 0.99451390 0.53603752 0.24648298 0.89958231 0.34246792 0.37037776 0.36940193 0.47721950 0.61222527 0.81270480 0.96241347 0.41610816 0.71003977 0.49424278 0.94887504 0.59720827 0.69541402 0.69174416 0.89053668 0.90133521 0.74471634 1.06853566 1.00000000 0.60667730
0.05553749 1.02326233 0.11251076 0.25523883 0.03991839 0.87406529 0.49412251 0.27544519 0.86332440 0.25473422 0.32618893 0.34312555 0.42916799 0.57936074 0.81284056 0.86614781 0.45753926 0.55922911 0.43887476 0.85749607 0.50022401 0.58949018 0.60653561 0.79676282 0.80383451 0.78796594 0.88878221 1.05394178 0.46586143
0.14285714 1.21545143 0.10810811 0.18750000 0.01886792 1.03244738 0.62144763 0.31749134 1.00222726 0.33169968 0.39973643 0.43116538 0.52225591 0.71782554 0.96181752 1.02273795 0.53790783 0.71303713 0.51349378 1.05085194 0.61260847 0.71763069 0.73600433 0.95297360 0.99333255 0.91440039 1.10042811 1.27203584 0.59083294
0.05506592 1.02052496 0.11319818 0.25571503 0.03817217 0.87328417 0.49236783 0.27512441 0.86190592 0.25346559 0.32482943 0.34255912 0.42882665 0.57809926 0.81091115 0.86460153 0.45652377 0.55858853 0.43829287 0.85453750 0.49849809 0.58905329 0.60578590 0.79522327 0.80118629 0.78593737 0.88704765 1.05072632 0.46486964
0.02380952 1.11936174 0.08198764 0.16146214 0.06581829 1.02471294 0.56341129 0.26038497 0.94848701 0.35815446 0.39557998 0.37683518 0.48567332 0.63394254 0.86285055 1.00589824 0.44499956 0.71172092 0.51507377 1.00499194 0.62792785 0.70501797 0.70928247 0.92755350 0.94733913 0.80367736 1.09541711 1.13531144 0.61611649
0.06216526 1.10139928 0.08809707 0.16244670 0.05268087 1.02154504 0.55832268 0.26066287 0.93678556 0.34952599 0.38477742 0.38223334 0.49061810 0.63636265 0.85236165 0.99386339 0.44191565 0.71989185 0.50963917 0.98675395 0.61398007 0.70942656 0.71067410 0.91857971 0.93384541 0.78851318 1.09214834 1.11940916 0.61455955
0.00476190 1.31203964 0.02702703 0.34132789 0.21146512 1.02904194 0.50000000 0.27952689 1.06696083 0.34674209 0.43803758 0.36972899 0.50000000 0.65270188 0.98006932 1.02824788 0.54387384 0.59214982 0.56189887 1.12888143 0.58500581 0.59544175 0.69323633 0.89996523 0.96915797 1.00245508 0.95612791 1.29879340 0.12500000
0.00952381 1.32544510 0.12133260 0.32583239 0.19273907 1.05622391 0.62085154 0.28982168 1.08297357 0.35711206 0.44556856 0.33333333 0.47570369 0.67115439 0.99760731 1.05793056 0.54981357 0.62333061 0.56918535 1.14390263 0.61303914 0.63054624 0.71465042 0.93536921 0.99858091 1.00888758 1.00768531 1.32028187 0.51119740
0.03333333 1.14149967 0.09456391 0.31250000 0.06977971 1.04395206 0.56663700 0.26355784 0.97007248 0.35603282 0.39780198 0.38057793 0.49172458 0.63996226 0.87660617 1.01789995 0.45517981 0.71342999 0.52816612 1.01738614 0.62237017 0.70649034 0.71904299 0.93188104 0.94878653 0.82319192 1.09207806 1.14932433 0.60796826
0.03333333 0.95342636 0.05535319 0.06250000 0.01894604 0.80741053 0.44890127 0.26031421 0.81296566 0.25000000 0.33357796 0.27945990 0.37293305 0.50238842 0.76519549 0.85456293 0.40641368 0.48907785 0.40452395 0.81137068 0.55481200 0.56053502 0.54318644 0.79856944 0.79215133 0.73907459 0.88058953 0.98815087 0.48457373
0.08619183 1.34119775 0.12218985 0.33308042 0.20465140 1.06045417 0.62639733 0.28997232 1.09283163 0.36061873 0.45122829 0.38209071 0.47504289 0.67374452 1.00652182 1.06360932 0.55536310 0.62006726 0.57446582 1.15769298 0.61510323 0.62634775 0.71635935 0.93755126 1.00533809 1.02207951 1.00519712 1.33376708 0.50705581
0.03809524 1.30289184 0.11994432 0.32678005 0.18755188 1.03473807 0.50000000 0.28598460 1.00000000 0.34748667 0.43749364 0.36927460 0.46258028 0.65278641 0.98108443 1.03991019 0.54082785 0.50000000 0.55904678 1.12017157 0.60200731 0.61375775 0.69666236 0.91787648 0.97660397 0.99591349 0.98146900 1.29551429 0.49574591
0.04761905 1.17855426 0.10810811 0.25000000 0.03773585 1.12806942 0.50000000 0.40000000 1.01996896 0.38128360 0.41616406 0.41612126 0.50000000 0.69303165 0.92799802 1.10630325 0.50000000 0.80445567 0.55096504 1.05455289 0.70060720 1.00000000 0.78326991 1.03614519 1.02917755 0.84226453 1.24159737 1.20794265 1.00000000
0.09047619 1.30695299 0.10810811 0.06250000 0.19612264 1.02675781 0.62031228 0.28837792 1.05926408 0.25000000 0.44454380 0.37743829 0.46573276 0.66579209 0.98741437 1.04089990 0.54407138 0.61213483 0.55184483 1.13357874 0.61725922 0.62104362 0.69914117 0.92709565 0.99834004 0.99583758 1.00261813 1.31368768 0.51259797
0.00952381 1.18770478 0.11874470 0.23989077 0.03965290 1.03826841 0.61775804 0.32555775 0.98810129 0.31932723 0.38288368 0.44697045 0.54005627 0.73164189 0.95252331 1.01573362 0.53638192 0.74184804 0.50510487 1.02193205 0.60254234 0.74453608 0.74810908 0.95599803 0.98351986 0.89048232 1.12152840 1.25432328 0.60704726
0.04761905 1.17999835 0.02702703 0.06250000 0.04594634 1.02902284 0.60665415 0.31791790 0.98341383 0.31954320 0.38343256 0.33333333 0.52714976 0.71334047 0.94161616 1.00996086 0.52680283 0.72318537 0.50460454 1.01611962 0.60070047 0.72901024 0.73567707 0.94605073 0.97221997 0.88506005 1.10290278 1.23850220 0.59639439
0.02380952 1.33894069 0.12263689 0.33324393 0.20878757 1.06092179 0.62263221 0.20000000 1.09209818 0.36200962 0.45150912 0.37781569 0.47161143 0.66744563 1.00101352 1.06200812 0.55041265 0.61713609 0.57681495 1.15741587 0.61271387 0.62147452 0.71429640 0.93297268 1.00053767 1.01831908 0.99886733 1.32611428 0.50343569
