0.02277316 0.71909825 0.05485760 0.03002311 0.06841386 1.13232147 0.55682280 0.36397257 1.08582087 0.38393492 0.47530000 0.28538125 0.49967870 0.64352945 0.89758089 0.89707314 0.48390261 0.51762929 0.30730684 1.05188378 0.61739372 0.62886537 1.16207125 0.98865429 0.90803944 0.93064294 0.93169390 1.19907004 0.44960449
0.01428571 1.00000000 0.07843496 0.21181206 0.00000000 1.31722944 0.64479800 0.34313652 1.06343636 0.35275092 0.51368181 0.34005594 0.57759634 0.67664148 1.08845090 1.07997709 0.60223523 0.62758728 0.51096955 1.14208401 0.66079671 0.85481865 1.25059136 1.05543167 1.19661044 1.11245043 0.95726141 1.38889667 0.55240995
0.02285011 0.71961629 0.05487174 0.03013322 0.06855277 1.13306497 0.55768308 0.36423005 1.08678711 0.38425055 0.47593645 0.28562756 0.50000257 0.64387182 0.89830904 0.89770766 0.48400656 0.51830054 0.30802875 1.05274713 0.61751518 0.62959182 1.16288151 0.98944066 0.90884633 0.93194368 0.93240647 1.19985741 0.45033264
0.28095238 0.76926132 0.16216216 0.12500000 0.03773585 1.00000000 0.50000000 0.27325729 0.84568700 0.30740741 0.36539789 0.30661274 0.40610935 0.51656344 0.81355320 0.81954668 0.41067113 0.51471816 0.45868584 0.84798504 0.47279923 0.63047419 0.95270340 0.79819130 0.88917841 0.89309974 0.75539641 1.03051098 0.45610606
0.01904762 0.79579466 0.02702703 0.19078803 0.07393939 1.04050962 0.54844182 0.20000000 1.00000000 0.30847229 0.39009794 0.29720857 0.43994171 0.55898397 0.82427969 0.86075467 0.44427997 0.53945538 0.47286804 0.91071312 0.48649639 0.67897708 1.01601804 0.85175719 0.92569422 0.93004370 0.80327385 1.05986260 0.48398667
0.18571429 1.11256192 0.02702703 0.06250000 0.12930636 1.35364164 0.59966079 0.28768893 1.10142792 0.34924550 0.38356452 0.37473748 0.58484470 0.77567891 0.99706861 1.15401665 0.66652160 0.66211904 0.59447480 1.14362951 0.66010784 0.88915822 1.32715065 1.07065294 1.20346253 1.06380643 1.02527689 1.33700191 0.56919823
0.00476190 0.74129343 0.07421782 0.13217679 0.06248735 1.05585018 0.53056773 0.30822613 0.94979005 0.33672206 0.40871294 0.29102881 0.44806738 0.57548923 0.83835285 0.85021836 0.44606752 0.51064775 0.38383881 0.93632667 0.53519836 0.62697957 1.04431435 0.88016426 0.88928422 0.89678614 0.83184227 1.09497979 0.44812495
0.01428571 0.79753917 0.07229352 0.12205422 0.08665201 1.12643807 0.55137059 0.31759393 1.02209603 0.35287241 0.42025547 0.30356565 0.48640519 0.63462682 0.87399907 0.91705286 0.49464874 0.54202597 0.40329813 1.00736826 0.57605849 0.67462733 1.13129600 0.94659334 0.94536201 0.93642667 0.89920686 1.15916727 0.47338888
0.07180297 0.89493917 0.11954161 0.26433314 0.10206283 1.10582976 0.39263891 0.23912965 0.84157184 0.29339510 0.21738051 0.32717634 0.44854097 0.63779010 0.77751352 0.92174063 0.55521153 0.48286081 0.41140569 0.86232592 0.58197793 0.63264159 1.05347837 0.82310243 0.91878023 0.73407908 0.81409613 1.07245565 0.38173302
0.01904762 0.76362013 0.08256076 0.12500000 0.01886792 1.00060563 0.51645710 0.26501200 0.84840059 0.29658723 0.36973635 0.28971503 0.41608117 0.52423569 0.80161034 0.81945429 0.42314997 0.50765935 0.44249709 0.85874215 0.47418994 0.63778711 0.95950504 0.80435537 0.88652142 0.87998974 0.75643152 1.02437161 0.45122877
0.04285714 1.12734439 0.05405405 0.12500000 0.11320755 1.37164796 0.60405229 0.29704816 1.09584454 0.36069612 0.37514777 0.39528667 0.57631728 0.77026252 1.01509659 1.15979953 0.65946802 0.66880567 0.61070637 1.13275419 0.66529455 0.88264602 1.32308623 1.06495250 1.21218903 1.07430973 1.02499100 1.35112475 0.57142127
0.03333333 0.78860943 0.02702703 0.12500000 0.07202842 1.03358801 0.54739337 0.26928954 1.00000000 0.25000000 0.39387906 0.29176193 0.44024700 0.55624319 0.82095239 0.85568026 0.44286263 0.53604474 0.46661572 0.91048180 0.48427014 0.67762345 1.01243501 0.85037933 0.92146314 0.92696967 0.79975824 1.05573069 0.48199953
0.10476190 1.07412681 0.10971360 0.28741618 0.11384179 1.30987882 0.59745140 0.28697110 1.05853860 0.34593412 0.25000000 0.33333333 0.55411748 0.73153059 0.98004121 1.10843199 0.62327243 0.64893613 0.59434354 1.09458416 0.62793645 0.85626475 1.26712318 1.02646617 1.16747563 1.05386820 0.98262386 1.29634014 0.56084200
0.02857143 0.77945246 0.08108108 0.06250000 0.09431052 1.16576779 0.56136242 0.34840977 1.09907757 0.38021332 0.45260338 0.29998860 0.51335391 0.67432303 0.90022361 0.94019986 0.51473890 0.54292550 0.35547979 1.06920926 0.62211948 0.66936814 1.19661826 1.00560583 0.94799547 0.94766829 0.95584646 1.21186083 0.47057337
0.03809524 1.13517390 0.11911088 0.30783538 0.12210708 1.37686761 0.60300674 0.29537480 1.09725492 0.35866710 0.37493003 0.39428722 0.58087721 0.77499260 1.01767361 1.16620522 0.66687279 0.66983448 0.61132754 1.13798000 0.66920942 0.88897418 1.32916597 1.06905549 1.21906516 1.07424119 1.02787353 1.35636137 0.57184683
0.06190476 0.81784978 0.18918919 0.37500000 0.04178164 1.05734096 0.54296260 0.28291213 0.85894045 0.25000000 0.36748107 0.33118043 0.50000000 0.52825281 0.85433698 0.85487214 0.42442646 0.53793163 0.49408367 0.86497301 0.48982434 0.65539434 0.97789625 0.81623910 0.93377325 0.92990913 0.77429490 1.07421088 0.47412554
0.00476190 1.10416503 0.02702703 0.06250000 0.13205352 1.33493745 0.59474136 0.20000000 1.09297030 0.33729137 0.38482862 0.36092539 0.58640364 0.77269375 0.98105585 1.14576170 0.66793306 0.65663929 0.58920919 1.14128533 0.64989123 0.89346460 1.31928085 1.06519871 1.19645422 1.05420365 1.01622939 1.31952097 0.56732304
0.06666667 1.20122428 0.07568542 0.06250000 1.00000000 1.43608389 0.59503878 0.20000000 1.25203281 0.35486793 0.34294773 0.37162979 0.65855475 0.93201024 0.95222997 1.27514116 0.78072550 0.71185544 0.62849110 1.27065234 0.70859842 0.97857755 1.50842509 1.19030346 1.25584740 1.06887021 1.16967233 1.36600570 0.60896144
0.01904762 1.11511620 0.12450885 0.31775568 0.11800438 1.35772027 0.59796508 0.29628355 1.07956662 0.35954629 0.25000000 0.39594807 0.56556647 0.75737755 1.00690086 1.14488355 0.64724672 0.66177172 0.60711850 1.11401803 0.65723328 0.86823114 1.30325442 1.04867255 1.19772872 1.06373456 1.01071672 1.33673453 0.56462950
0.08095238 1.02971935 0.02702703 0.12500000 0.01886792 1.34137014 0.65771905 0.34976922 1.10117061 0.50000000 0.52700879 0.34106714 0.59403720 0.70026596 1.10160654 1.10270748 0.61776593 0.63992614 0.51285775 1.17622715 0.67582442 0.87208411 1.28769567 1.08674502 1.21402375 1.13240900 0.98756425 1.41358714 0.56420010
0.06190476 1.17961483 0.02702703 0.06250000 0.17067276 1.41308693 0.58855855 0.27245187 1.16472735 0.34249692 0.37174915 0.36603934 0.63744025 0.85715205 0.99924821 1.22969777 0.74851629 0.67952456 0.59508412 1.21981772 0.70641088 0.94826535 1.42625963 1.13799537 1.25572764 1.05900061 1.09316661 1.38230014 0.57878843
0.07142857 1.05083618 0.02702703 0.25509435 0.11876976 1.30704264 0.63862979 0.29958920 1.10070333 0.35729573 0.42544627 0.36842534 0.56044516 1.00000000 1.00000000 1.10519992 0.60493900 0.66736723 0.60425840 1.12572595 0.61565311 0.87069693 1.28219308 1.05248258 1.17154613 1.10612920 1.00139952 1.30448007 0.58901912
0.03809524 1.12230148 0.11738233 0.30406197 0.11987577 1.36393669 0.60423366 0.29480504 1.09096026 0.35708251 0.37818426 0.39084919 0.57540063 0.76554656 1.01187811 1.15448890 0.65673495 0.66674618 0.60901078 1.13020471 0.66047941 0.88283154 1.31690224 1.06136478 1.20939419 1.07334376 1.01933666 1.34546483 0.57108697
0.12857143 0.97613122 0.10810811 0.18750000 0.01886792 1.24349607 0.62851362 0.31141861 1.03601416 0.50000000 0.42849665 0.36630342 0.51385666 0.65831119 0.97862553 1.00000000 0.53699943 0.63478669 0.57427301 1.05206281 0.58167647 0.80249060 1.18903260 0.98681051 1.10788530 1.07956385 0.93488190 1.25635004 0.56162579
0.03809524 1.14007244 0.02702703 0.31250000 0.01886792 1.38057392 0.60568282 0.29609697 1.09534745 0.35521491 0.38430715 0.39014540 0.58651895 0.77358586 1.02754483 1.16962500 0.67213684 0.66949447 0.60830793 1.14462978 0.67307376 0.89678334 1.33104746 1.07294165 1.22897803 1.07895655 1.02596304 1.36631013 0.57234512
0.01904762 0.75722174 0.06698656 0.06250000 0.06284090 0.99152738 0.52577177 0.25828717 0.86506178 0.29018442 0.38413247 0.27562056 0.42581776 0.53209741 0.79206392 0.82131314 0.42785873 0.51261454 0.44337827 0.87713021 0.46643208 0.65401302 0.97123551 0.81750330 0.88831118 0.89024746 0.76489444 1.01727192 0.46160080
0.08783926 1.13425463 0.12038248 0.31037860 0.12224474 1.37655975 0.60367535 0.29607391 1.09699677 0.35972629 0.37446813 0.39559945 0.57942834 0.77386580 1.01771959 1.16518744 0.66482238 0.67022042 0.61248627 1.13639250 0.66833390 0.88746915 1.32781513 1.06798635 1.21797411 1.07507768 1.02747021 1.35562565 0.57219175
0.40000000 0.81545422 0.11726367 0.28229194 0.05447158 1.05475107 0.52907762 0.27907488 0.85895922 0.32012694 0.25000000 0.33333333 0.41160183 0.53636218 0.83821538 0.85423082 0.50000000 0.53280577 0.48814918 0.85816208 0.49217603 0.64504394 0.98011276 0.81245565 0.92111875 0.90992002 0.77776055 1.06314291 0.46596115
0.05238095 0.77791674 0.08108108 0.23171202 0.01886792 1.01479196 0.50000000 0.27158740 0.84719215 0.30406607 0.37197991 0.30400587 0.41194814 0.51847989 0.82015654 0.82599090 0.41675019 0.51824756 0.46302760 0.85590540 0.47401349 0.64209944 0.95781805 0.80358315 0.90059287 0.90096151 0.75684966 1.03765295 0.46065716
0.01904762 0.78273231 0.09652876 0.23757631 0.04758020 1.02008066 0.53225936 0.27271273 0.85163612 0.30673870 0.37137330 0.30788702 0.41226863 0.52105624 0.82302287 0.83023526 0.41711442 0.52244407 0.46934008 0.85823367 0.47471197 0.64470738 0.96202336 0.80646449 0.90443265 0.90672254 0.76112879 1.04097581 0.46436278
0.01904762 0.99947329 0.08108108 0.18750000 0.08468416 1.24506746 0.62282273 0.29660021 1.02642708 0.34534111 0.41882330 0.36176852 0.52112966 0.66593846 0.97209706 1.04051344 0.55378399 0.63811567 0.58761768 1.05432250 0.57901478 0.82266984 1.19363952 0.98627442 1.12291304 1.07515104 0.93270961 1.25243989 0.56493019
0.00952381 1.12164294 0.11639867 0.30193835 0.12006585 1.36288973 0.60388465 0.29420587 1.09087168 0.35631850 0.37855468 0.38971597 0.57581891 0.76567387 1.01093502 1.15412690 0.65714390 0.66630639 0.60817315 1.13058423 0.66015088 0.88321724 1.31687490 1.06145557 1.20900536 1.07264986 1.01908265 1.34465736 0.57088284
0.06190476 0.99605854 0.27027027 0.56250000 0.08345075 1.22138436 0.60994778 0.20000000 0.99969259 0.25000000 0.40945874 0.34954766 0.51752063 0.65632250 0.95189704 1.02852092 0.55440753 0.62872737 0.58571423 1.03782785 0.56504009 0.82396773 1.17308835 0.96794453 1.11447928 1.05553379 0.91182111 1.22749718 0.55804755
0.01428571 0.72034778 0.05844632 0.06250000 0.01886792 1.13327366 0.55719838 0.36668007 1.07661522 0.38431902 0.47662880 0.28817822 0.49654230 0.63577769 0.90500197 0.89423288 0.48009514 0.51609026 0.30769895 1.04557246 0.61778747 0.62587146 1.15390231 0.98293549 0.91020546 0.93193933 0.92449065 1.20293352 0.44760586
0.08728198 1.12421991 0.11889224 0.30718101 0.12034561 1.36641856 0.60458994 0.29558275 1.09198563 0.35835664 0.37714615 0.39275049 0.57526390 0.76646595 1.01325270 1.15604349 0.65703366 0.66772714 0.61051355 1.13041345 0.66156661 0.88278868 1.31823165 1.06201101 1.21051940 1.07431468 1.02071715 1.34719130 0.57153982
0.04285714 1.07763644 0.10929523 0.31250000 0.11544598 1.32440878 0.54896788 0.28678761 1.05518025 0.25000000 0.34808326 0.33333333 0.56465179 0.75810069 0.96815943 1.11883556 0.65801666 0.62066294 0.54017452 1.09623616 0.66771384 0.83277435 1.28678803 1.03073804 1.15364238 0.98756798 0.99218577 1.30812717 0.52064494
0.00476190 0.78431587 0.06440956 0.16635883 0.03023805 1.05903170 0.61173610 0.30143099 0.93985248 0.32151226 1.00000000 0.29083826 0.45590569 0.53727445 0.89389528 0.86323080 0.42564977 0.56061950 0.47796568 0.95681490 0.48883377 0.70829279 1.02689302 0.88666526 0.96533066 1.01718149 0.81135987 1.11636793 0.51696090
0.09129216 1.11789943 0.12523229 0.31987252 0.11365932 1.36524028 0.60723316 0.30156652 1.08669550 0.36350641 0.37826100 0.39852265 0.56794624 0.75695978 1.01863086 1.14886713 0.64601956 0.66682478 0.61107849 1.12134614 0.65968291 0.87295140 1.30812518 1.05519943 1.20573422 1.07749234 1.01503336 1.34768818 0.57028854
0.01428571 0.77339089 0.02702703 0.06250000 0.10353568 1.14351462 0.53431410 0.33307329 1.07185488 0.36845338 0.25000000 0.29498975 0.50355962 0.67113128 0.86806455 0.92702445 0.51564176 0.52820758 0.34742523 1.04233965 0.61326706 0.65434291 1.17677508 0.98179348 0.92554706 0.90814034 0.93865594 1.17944592 0.45380560
0.02857143 0.85822388 0.08445963 0.06250000 0.01886792 1.05992251 0.37944069 0.22059901 0.83394336 0.26728779 0.23347593 0.28505565 0.45845287 0.63432070 0.74172857 0.89828107 0.56090793 0.46235068 0.37400932 0.86915160 0.56699015 0.63652998 1.04266852 0.82036033 0.89490983 0.70594883 0.79860281 1.03815491 0.37058208
0.03809524 0.72478704 0.06988224 0.12500000 0.06287918 1.13940103 0.50000000 0.36902463 1.07276235 0.39057404 0.46040585 0.29958253 0.48945186 0.63717041 0.90308446 0.89533040 0.47767214 0.51549741 0.31137595 1.03439696 0.62129122 0.61462101 1.15171563 0.97647091 0.90508151 0.92358663 0.92548842 1.20180632 0.44289073
0.00476190 1.11223518 0.02702703 0.06250000 0.13461285 1.34650696 0.59512586 0.27881933 1.10407033 0.33930140 0.38633342 0.36144977 0.59367740 0.78316600 0.98666612 1.15642927 0.67790952 0.65915927 0.58715022 1.15335644 0.65919990 0.89962067 1.33404313 1.07632071 1.20452055 1.05629902 1.02697579 1.33108627 0.56837417
0.05238095 1.06621387 0.05405405 0.12500000 0.12058568 1.31175220 0.65028158 0.29343995 1.10674234 0.35086927 0.43586403 0.36390098 0.56987124 0.73467585 0.99906096 1.11673008 0.61363888 1.00000000 0.62015138 1.14007610 0.61153892 0.89484662 1.29209974 1.06237394 1.19073761 1.12452295 1.00599583 1.31025286 0.60243413
0.09189160 1.10129633 0.16216216 0.50000000 0.10449130 1.35503768 0.55737216 0.30243509 1.05080035 0.25000000 0.33777098 0.40061625 0.55372700 0.75205050 0.99843511 1.13015351 0.64899670 0.63199499 0.56430582 1.08385739 0.67794758 0.82468487 1.28468210 1.02581236 1.16938117 1.00620665 0.99493599 1.33367419 0.52510741
0.02628587 0.73124500 0.05919597 0.04417482 0.07033994 1.13716012 0.55485690 0.36068008 1.08055055 0.38270176 0.46689199 0.29025992 0.49884050 0.64520783 0.89793571 0.90260676 0.48742183 0.52057478 0.31730255 1.04800784 0.61718354 0.63290430 1.16211680 0.98577630 0.91404135 0.93029770 0.93095673 1.19937654 0.45102279
0.13333333 0.99053330 0.09325514 0.18750000 0.03773585 1.22734980 0.61435081 0.20000000 1.01679541 0.33332653 0.41877673 0.34739397 0.52329159 0.66372776 0.95651518 1.03224799 0.55720868 0.62986382 0.57704783 1.05172238 0.57219003 0.82446194 1.18618586 0.98069960 1.11483162 1.06061841 0.92338921 1.23676200 0.55942007
0.08748915 1.18452633 0.12316245 0.31685270 0.13115337 1.42580091 0.59834193 0.29643991 1.12283587 0.36317782 0.36426142 0.40491036 0.60401901 0.81271591 1.03912057 1.21198662 0.70796635 0.68148708 0.61875056 1.17072646 0.70292431 0.91505528 1.37820565 1.10053321 1.25713392 1.07754382 1.06147446 1.39826361 0.57507732
0.04285714 0.77808806 0.02702703 0.06250000 0.09532446 1.16244586 0.56194237 0.34622145 1.09938771 0.37769662 0.45473115 0.29652292 0.51478920 0.67452519 0.89760609 0.93945926 0.51559138 0.54281919 0.35509385 1.07100878 0.61992437 0.67219984 1.19670327 1.00629988 0.94789035 0.94790585 0.95526852 1.20917668 0.47159081
0.00476190 1.10678929 0.09958860 0.12500000 0.12734596 1.34495970 0.59931561 0.28532216 1.09535502 0.34581673 0.38532793 0.37088927 0.58272713 0.77011573 0.99281772 1.14762706 0.66259439 0.65976924 0.59320103 1.13917782 0.65444846 0.88796101 1.31940790 1.06556474 1.19929100 1.06199274 1.01871026 1.32980313 0.56848720
0.13809524 0.98973175 0.35135135 0.12500000 0.09189880 1.22891261 0.61076181 0.20000000 1.01892628 0.25000000 0.41015307 0.35230353 0.51987540 0.66670806 0.95183975 1.03229100 0.55563213 0.62976776 0.60000000 1.04761967 0.57322100 0.81786870 1.18730246 0.97908663 1.10916594 1.05563457 0.92658395 1.23350975 0.55750597
0.01904762 1.11967269 0.02702703 0.29293848 0.12122660 1.35817675 0.60316356 0.29098923 1.09043240 0.35251531 0.38048978 0.38465017 0.57784483 0.76619077 1.00677095 1.15296054 0.65902607 0.66515810 0.60613941 1.13253278 0.65786816 0.88631324 1.31680088 1.06195201 1.20825355 1.07085393 1.01790178 1.34080491 0.57100996
0.00952381 0.79132093 0.10810811 0.21434106 0.05580129 1.03152964 0.53815155 0.27170172 0.87459346 0.30594770 0.38141825 0.30148932 0.50000000 0.53874780 0.82684841 0.84596571 0.43311039 0.52874994 0.46780355 0.88408803 0.48326542 0.66221921 0.98773478 0.82820081 0.91747941 0.91585146 0.77955445 1.05378403 0.47153468
0.05714286 1.07166020 0.13513514 0.18750000 0.10918846 1.30495671 0.59336995 0.28625670 1.00000000 0.34427337 0.25000000 0.37522510 0.54965871 0.72490778 0.97843033 1.10267808 0.61940943 0.64504368 0.59265221 1.08511430 0.62557697 0.85063365 1.25710995 1.01795965 1.16335699 1.04791935 0.97429627 1.29180911 0.55662240
0.01428571 0.76163276 0.08108108 0.06250000 0.06056868 0.99692846 0.52791674 0.26085278 0.86477138 0.29296207 0.38362276 0.28034980 0.42468923 0.53118871 0.79789314 0.82369155 0.42682549 0.51486120 0.44760250 0.87616598 0.46819953 0.65389473 0.97144986 0.81743966 0.89203220 0.89445236 0.76555219 1.02232703 0.46291477
0.07142857 0.77593886 0.09212383 0.22549415 0.04996775 1.01598580 0.53389112 0.27262694 0.85707944 0.30627578 0.37617861 0.30344851 0.41400992 0.52232788 0.81971144 0.82799817 0.41644819 0.52179535 0.46495571 0.86262279 0.47333559 0.64501657 0.96422343 0.80974916 0.90098731 0.90737539 0.76329886 1.03843500 0.46516232
0.05238095 1.02460756 0.05405405 0.20821316 0.00000000 1.30258310 0.63320139 0.32876047 1.00000000 0.25000000 0.50696106 0.32914554 0.57830708 0.66937692 1.07776217 1.07520164 0.60915260 0.61995248 0.51033987 1.13091115 0.65284380 0.86230865 1.23531916 1.04142989 1.19853532 1.09672217 0.93845313 1.37506874 0.54631792
0.15714286 0.97541378 0.05405405 0.18750000 0.01886792 1.22006664 0.61837872 0.29344697 1.01245719 0.33822633 0.42451480 0.33333333 0.51507579 0.65124812 0.95942666 1.01956372 0.50000000 0.62708955 0.57305975 1.04260482 0.56749266 0.81185178 1.17301246 0.97328453 1.10480281 1.06390361 0.91591494 1.23347850 0.55777726
0.03809524 1.08801140 0.02702703 0.06250000 0.12930344 1.32039095 0.59147508 0.27219395 1.09800628 0.32635033 0.40136170 0.33848555 0.59762074 0.77548121 0.97272527 1.13989247 1.00000000 0.64734658 0.40000000 1.15597813 0.65038837 0.89960084 1.32360569 1.07348660 1.19145593 1.04537934 1.01511421 1.31521768 0.56247132
0.00476190 1.00237819 0.05405405 0.24934489 0.08987540 1.23719195 0.61115959 0.28416685 1.02407608 0.33138396 0.41648927 0.34579975 0.53179350 0.67577573 0.95808526 1.04429657 0.57119154 0.63146529 0.57590482 1.06280441 0.58058767 0.83369479 1.20069655 0.99027618 1.12406130 1.05817334 0.93243637 1.24509189 0.55947607
0.02380952 0.88070639 0.05405405 0.22557525 0.10492490 1.08559775 0.39016630 0.22934090 0.84141609 0.28043486 0.25000000 0.30669755 0.45537451 0.63797528 0.76173545 0.91362966 0.55938453 0.47645557 0.39827792 0.86973288 0.57366989 0.64015443 1.05177661 0.82507144 0.91168790 0.72642826 0.80924133 1.05752429 0.38055423
0.11428571 1.12738518 0.05405405 0.25000000 0.12474640 1.35477408 0.58361019 0.28184392 1.07420536 0.25000000 0.25000000 0.38365660 0.57629017 0.76985495 0.99342639 1.15368209 0.66867766 0.65666161 0.60095261 1.12049764 0.66055866 0.88165409 1.31192730 1.05148950 1.20330750 1.04489127 1.01102651 1.33095184 0.55911188
0.11904762 0.98878231 0.08108108 0.28491674 0.01886792 1.22531357 0.62052866 0.20000000 0.99824975 0.33712946 0.50000000 0.35694211 0.50000000 0.64316845 0.96949404 1.02187212 0.54011183 0.63022931 0.58617544 1.00000000 0.56566265 0.81541873 1.16393246 0.96516387 1.11511085 1.07003028 0.90716847 1.23840020 0.55990073
1.00000000 1.14772391 1.00000000 1.00000000 0.11260229 1.39795760 0.60814008 0.31202328 1.08503179 0.25000000 0.25000000 0.33333333 0.50000000 0.76069975 1.03994505 1.16608560 0.64564404 0.67772905 0.63530350 1.11068766 0.67261503 0.86689393 1.31361747 1.05245155 1.22074059 1.08646328 1.02326502 1.36941566 0.57261630
0.01904762 1.13345780 0.11815051 0.30561291 0.12262021 1.37484424 0.60279001 0.29472803 1.09701560 0.35797991 0.37525659 0.39309685 0.58074078 0.77459832 1.01597665 1.16497685 0.66636656 0.66931484 0.61057733 1.13771157 0.66809647 0.88874302 1.32836053 1.06860001 1.21769125 1.07351330 1.02724650 1.35445619 0.57171318
0.06020069 1.03491335 0.08469781 0.22786376 0.00000000 1.33451964 0.64985772 0.34684131 1.06941297 0.35773664 0.51267999 0.34913831 0.58062919 0.68238437 1.10167072 1.09282112 0.60780734 0.63514932 0.52184670 1.14822466 0.66812904 0.86203663 1.26087294 1.06233708 1.21091282 1.12321450 0.96535601 1.40422095 0.55761742
0.01428571 0.83981866 0.13513514 0.37500000 0.05209482 1.18655776 0.55548121 0.35129623 1.00224936 0.75000000 0.39849604 0.33333333 0.50000000 0.61916868 0.93751937 0.93507302 0.50000000 0.55220926 0.20000000 1.00000000 1.00000000 0.64869797 1.12158602 0.93221193 0.97239599 0.95552853 0.89701708 1.21539489 0.46777165
0.05238095 1.14802505 0.35135135 0.68750000 0.00000000 1.40841899 0.68384891 0.35637382 1.02591994 0.25000000 0.46066464 0.33333333 0.54435580 0.50000000 1.16668623 1.13661746 0.58538561 0.69113255 1.00000000 1.09393484 0.65755812 0.88223331 1.23790861 1.02739229 1.28208733 1.19691070 0.95527214 1.44238560 0.59911819
0.19523810 1.15197591 0.05405405 0.18750000 0.10299016 1.41432524 0.62105790 0.31104930 1.13463624 0.36302457 0.50000000 0.38472772 0.61265161 0.79523464 1.06227890 1.19598566 0.69536688 0.67688289 0.59215786 1.19226400 0.70237771 0.91824529 1.37368625 1.11383953 1.25838063 1.10302168 1.05589717 1.41487829 0.57929866
0.04589427 1.01851121 0.02702703 0.12500000 0.00671065 1.30948341 0.64185303 0.33213939 1.07110479 0.34128496 0.51846073 0.32384926 0.58952232 0.68797505 1.07541857 1.08470837 0.61653717 0.62633738 0.50459322 1.15717751 0.65898006 0.87017536 1.26234368 1.06526889 1.19911911 1.10687509 0.96250067 1.38190109 0.55421418
0.02380952 0.97785699 0.02702703 0.06250000 0.10169734 1.20442327 0.59949002 0.26738179 1.02497117 0.31225700 0.42259377 0.31494590 0.54076827 0.68100577 0.92447909 1.03114018 0.57948580 0.61839224 0.55104412 1.07102456 0.56952593 0.83877921 1.19990756 0.99180904 1.10518917 1.03483155 0.92755208 1.21596276 0.55276828
0.07619048 1.08738140 0.16216216 0.56250000 0.01886792 1.38804271 0.60796864 0.35264105 1.07273878 1.00000000 0.25000000 0.46204426 0.51520543 0.71934651 1.05274516 1.11830581 0.58175488 0.66153040 0.61036352 1.05969656 0.67254185 0.78455421 1.26609997 1.01847524 1.16511786 1.07880860 1.00465249 1.36432491 0.55081358
0.04761905 0.73014840 0.07082110 0.12500000 0.06296461 1.14954270 0.56289907 0.37415017 1.08572335 0.39601026 0.47058153 0.30363948 0.49293774 0.64004772 0.91482206 0.90265323 0.47704527 0.52447597 0.32059598 1.04542737 0.62297714 0.62289019 1.16134677 0.98667206 0.91546899 0.94262227 0.93447230 1.21351400 0.45271485
0.01428571 1.11064714 0.05405405 0.06250000 0.13454069 1.34404770 0.59362992 0.27767364 1.10257578 0.75000000 0.38615451 0.33333333 0.59380920 0.78274209 0.98453606 1.15504278 0.67825086 0.65769999 0.58512574 1.15271604 0.65851166 0.89926140 1.33281380 1.07536211 1.20300933 1.05379684 1.02557187 1.32897742 0.56719838
0.02857143 0.88283211 0.10940162 0.25000000 0.10445495 1.09041418 0.38842332 0.23291371 0.83893717 0.28561268 0.22075894 0.31483001 0.45035844 0.63643411 0.76447834 0.91359708 0.55564005 0.47681423 0.40124339 0.86280151 0.57585723 0.63284099 1.04910724 0.82106588 0.90976223 0.72501620 0.80907030 1.05944833 0.37860384
0.03333333 0.85712606 0.02702703 0.06250000 0.01886792 1.05558946 0.37937415 0.21730194 0.83330084 0.26327819 0.23597808 0.28004579 0.46071119 0.63461016 0.73836389 0.89754310 0.56293221 0.46167965 0.37288126 0.87140698 0.56454096 0.64060011 1.04261119 0.82100858 0.89525393 0.70523187 0.79726582 1.03487640 0.37129347
0.00476190 1.13339387 0.11766720 0.30459555 0.12267873 1.37457118 0.60258548 0.29443904 1.09703909 0.35759568 0.37542516 0.39256402 0.58107902 0.77481361 1.01566857 1.16502052 0.66679229 0.66913054 0.61016306 1.13806132 0.66812070 0.88908147 1.32855988 1.06878813 1.21772704 1.07317884 1.02723996 1.35430763 0.57160586
0.02380952 1.06889062 0.09649150 0.18750000 0.11558384 1.30935391 0.60774403 0.28728439 1.07652409 0.34354158 0.39982861 0.36322631 0.56545426 0.73824107 0.98301539 1.11247674 0.62899514 0.65241298 0.58864982 1.11614045 0.62880682 0.86969983 1.28117457 1.04288329 1.17370993 1.06640570 0.99233429 1.30265377 0.56829431
0.28571429 1.03219711 0.43243243 1.00000000 0.03297557 1.32180918 0.63566881 0.20000000 1.00000000 0.43669568 0.34387244 1.00000000 0.42290981 0.59212007 1.06349593 1.02243788 0.45270719 0.65840208 0.20000000 0.92400511 0.50000000 0.70827441 1.10966294 0.90304137 1.11226168 1.11121425 0.89960561 1.30086345 0.55472078
0.16666667 1.05650775 0.02702703 0.12500000 0.11235380 1.28848262 0.59888130 0.27945251 1.00000000 0.33353240 0.39685732 0.35319102 0.56078880 0.72793207 0.96832363 1.09790314 0.62421680 0.64273966 0.58021732 1.10300534 0.61860628 0.86385939 1.26315034 1.02878103 1.16103764 1.05111188 0.97601852 1.28353839 0.56095800
0.00476190 0.87877262 0.02702703 0.22027571 0.10693820 1.08010676 0.38643731 0.22552444 0.83809023 0.27674623 0.22522894 0.30300759 0.45548650 0.63809557 0.75521774 0.91142214 0.56072967 0.47401015 0.39603312 0.86781293 0.57127527 0.64023851 1.04954976 0.82264147 0.90848091 0.72052256 0.80664261 1.05126252 0.37862303
0.04285714 0.88749526 0.09634688 0.06250000 0.03773585 1.13495798 0.56547372 0.28391653 0.94802946 0.32604285 0.25000000 0.32999304 0.47244900 0.50000000 0.88904421 0.93916052 0.49667346 0.57346742 0.51086656 0.96359612 0.53758683 0.50000000 1.09029813 0.90362493 1.00681946 0.97316518 0.85614490 1.14748701 0.50545253
0.18571429 1.15216584 0.16216216 0.93750000 0.09433962 1.41025875 0.61886973 0.32818211 1.06960430 0.39521017 0.35640114 0.45376361 0.54237709 0.73871812 1.06637001 1.15984722 0.50000000 0.68298101 0.65218405 1.08862481 0.67209555 0.85078728 1.29265815 1.03693915 1.22481451 1.10457089 1.01146296 1.38328084 0.57473790
0.08475492 1.13207861 0.02702703 0.30020258 0.12357509 1.37139067 0.60276018 0.29249842 1.09659664 0.35549336 0.37657547 0.38992102 0.58176417 0.77458002 1.01306115 1.16396549 0.66706250 0.66888195 0.61004929 1.13866295 0.66593725 0.89089710 1.32788326 1.06863437 1.21712835 1.07292433 1.02625625 1.35141436 0.57224333
0.08095238 0.87253843 0.16216216 0.18750000 0.05931111 1.12927859 1.00000000 0.29860715 0.94622584 0.33929942 0.41159245 0.33333333 1.00000000 0.57754554 0.90957374 0.92238564 0.45950110 0.58667731 0.53584557 0.95152495 0.51777754 0.72247728 1.00000000 0.89398513 1.00643143 1.01590826 0.84499287 1.14849025 0.52397819
0.07619048 1.07894624 0.10803509 0.28344032 0.11112713 1.32189602 0.61094377 0.29350542 1.07424249 0.35103458 0.39511154 0.37624127 0.56081951 0.73568670 0.99527041 1.11715144 0.62534561 0.65704002 0.59884802 1.11064432 0.63290413 0.86636321 1.28004905 1.04050953 1.18020255 1.07377571 0.99321819 1.31291119 0.57003864
0.06885388 0.77199146 0.08908628 0.21923684 0.04763177 1.01219980 0.53526821 0.27239047 0.85636223 0.30455451 0.38084597 0.29993867 0.41468616 0.51992210 0.81959345 0.82521456 0.41519564 0.52065974 0.46228056 0.86365756 0.47156388 0.64579742 0.96214481 0.80968655 0.90012654 0.90839827 0.76109516 1.03725852 0.46531805
0.19047619 0.80479424 0.05405405 0.25000000 0.05356031 1.03983137 0.53679486 0.27114498 0.86834228 0.30640759 0.37432880 0.30842220 0.42615387 0.53893308 0.83258120 0.85214691 0.50000000 0.53148457 0.47688182 0.87991520 0.48578491 0.66495965 0.98732210 0.82534707 0.92557592 0.91694145 0.77831335 1.05910371 0.47207810
0.02380952 1.06447330 0.09052369 0.12500000 0.11881455 1.30381391 0.60587122 0.28399973 1.07886927 0.33988505 0.40176245 0.35667671 0.56838669 0.74085023 0.97653059 1.11109497 0.63183952 0.65031254 0.58343718 1.11989936 0.62738656 0.87185528 1.28325025 1.04504489 1.17074761 1.06242272 0.99308354 1.29786649 0.56749207
0.11904762 1.02722184 0.08694299 0.06250000 0.11419911 1.27075529 0.60441309 0.28429266 1.06415907 0.33776190 0.40696890 0.34810879 0.55361302 0.71850134 0.95932043 1.07956466 0.50000000 0.63893513 0.57020235 1.09892933 0.60857021 0.84968969 1.25282393 1.02527953 1.14050592 1.05304194 0.97271866 1.26962983 0.56087748
0.06190476 0.77318478 0.02702703 0.22276293 0.05773263 1.00157465 0.51633960 0.26115596 0.84148451 0.29723198 0.25000000 0.29823202 0.40986984 0.52273102 0.79754406 0.82123898 0.41977752 0.51271517 0.45956465 0.84829899 0.46780004 0.63835207 0.95427560 0.79661127 0.88780876 0.88173270 0.75386639 1.01731568 0.45509481
0.21428571 0.99044900 0.21621622 0.50000000 0.07821237 1.22972117 0.61786792 0.29533353 1.00065420 0.25000000 0.40738416 0.33333333 1.00000000 0.64600536 0.96487944 1.02269230 0.53516278 0.63284684 0.59370493 1.02513472 0.50000000 0.80588138 1.16416831 0.96136553 1.10855138 1.06707524 0.91167497 1.23425678 0.55957627
0.17619048 1.15679071 0.10810811 0.75000000 0.10836528 1.41081611 0.61408814 0.31888353 1.08631942 0.50000000 0.35636543 0.66666667 0.55655985 0.75888864 1.05345727 1.17139002 0.64206999 0.68356847 0.64547379 1.10879294 0.50000000 0.86569047 1.31477154 1.00000000 1.22845722 1.09738286 1.02603516 1.38113675 0.57629190
0.01428571 1.13810723 0.13513514 0.31250000 0.14115190 1.37291252 0.58360139 0.20000000 1.09978641 0.35220496 0.35411336 0.38823904 0.58532272 0.79232511 0.99355205 1.17144567 0.50000000 0.66341020 0.60207300 1.13892598 0.67321655 0.88785820 1.33991421 1.07048382 1.20960125 1.04676179 1.03500618 1.34245516 0.56277652
0.00952381 1.01029529 0.05405405 0.25000000 0.03773585 1.24476399 0.60894438 0.28462231 1.02548333 0.33334143 0.41071830 0.35033026 0.53257487 0.68038311 0.96034465 1.05028335 0.57546318 0.63304129 0.57881483 1.06341751 0.58517074 0.83439944 1.20562736 0.99197814 1.12788456 1.05682400 0.93634208 1.24974225 0.55897722
0.02857143 1.13674042 0.02702703 0.30623744 0.12469429 1.38659531 0.60971552 0.30104454 1.11165669 0.50000000 0.38058177 0.39772904 0.58424422 0.78110585 1.02510204 1.17254586 0.66811467 0.67485891 0.61259289 1.14828163 0.67462492 0.89129946 1.34067201 1.07938901 1.22359723 1.08410732 1.03877284 1.36660447 0.57640837
0.13809524 0.76494807 0.02702703 0.12500000 0.05763323 1.00103393 0.53062537 0.26398009 0.86190843 0.29666939 0.38189169 0.28704439 0.42078427 0.52737829 0.80363512 0.82384444 0.42228243 0.51732062 0.45403939 0.87127690 0.46793148 0.65136287 0.96785819 0.81427054 0.89408825 0.89936602 0.76396653 1.02548237 0.46441734
0.07142857 0.95134965 0.32432432 0.12500000 0.09034891 1.20811080 0.60396218 0.29622533 1.01487590 0.34516155 0.40880677 0.33333333 0.50000000 0.65268625 0.93859517 1.00530672 0.53237329 0.61632718 0.55505556 1.02929149 0.56750885 0.78414392 1.16710495 0.96513139 1.00000000 1.03936033 0.91707552 1.21531001 0.54457496
0.00476190 0.76823772 0.05861889 0.05357233 0.08257370 1.15862276 0.55988837 0.35152616 1.09154732 0.37836019 0.46069165 0.29456281 0.51201900 0.66511851 0.90361395 0.93085114 0.50999826 0.53577281 0.34265665 1.06580349 0.62237817 0.66289155 1.18699612 1.00112805 0.94296821 0.94371437 0.94691822 1.21236600 0.46464635
0.03333333 0.71686403 0.02702703 0.06250000 0.01886792 1.11261917 0.54710092 0.35276405 1.05577719 0.25000000 0.47204286 0.27490201 0.49591261 0.62865550 0.88817959 0.88470443 0.48255652 0.50794643 0.30405895 1.03522487 0.60635548 0.62970054 1.13850439 0.96987108 0.90441681 0.91616321 0.90758868 1.18280596 0.44228963
0.00952381 0.76766085 0.08232703 0.20698676 0.04779224 1.00088729 0.53025481 0.26555521 0.84878759 0.25000000 0.38051657 0.29116978 0.41575435 0.51775317 0.81004662 0.82012820 0.41720453 0.51591641 0.45738151 0.86115656 0.46641547 0.64784351 0.95642441 0.80527744 0.89601544 0.89993724 0.75419716 1.02704475 0.46239331
0.00476190 0.71443923 0.06216595 0.04579250 0.07599370 1.11393442 0.52824464 0.35192980 1.05575324 0.37634092 0.25000000 0.28689464 0.48569177 0.63830438 0.86846443 0.88341664 0.48151090 0.50272398 0.30088318 1.01901722 0.61061589 0.60744981 1.13930851 0.96118683 0.88407478 0.88979897 0.91361408 1.16878669 0.43075915
0.10476190 1.08787593 0.18918919 0.37500000 0.10442419 1.33596255 0.61522867 0.30270262 1.07091386 0.36149357 0.39009806 0.39276603 0.55343891 0.73038596 1.01064560 1.12030084 0.61791862 0.66187479 0.60986559 1.10206517 0.63742101 0.85909439 1.27631071 1.03622286 1.18561796 1.08279550 0.99313661 1.32486851 0.57141607
0.02294625 0.71897247 0.05505358 0.03043524 0.06820900 1.13259203 0.55755226 0.36439185 1.08624082 0.38433359 0.47588862 0.28569092 0.49956273 0.64326948 0.89821738 0.89705272 0.48340308 0.51800178 0.30773381 1.05206615 0.61729346 0.62889570 1.16208886 0.98886136 0.90825826 0.93166161 0.93186340 1.19949485 0.45004499
0.20952381 1.14111414 0.40540541 0.81250000 0.13207547 1.40121990 0.60609227 0.40000000 1.05774565 0.39414421 0.34740025 0.33333333 0.50000000 0.73335703 1.05784787 1.14928721 0.61892398 0.50000000 0.63799585 1.07550830 0.67295686 0.83500109 1.28111302 1.02593319 1.21020550 1.08491758 1.00249456 1.37425742 0.56226758
0.18571429 0.76360355 0.05405405 0.05618306 0.06573699 1.14761214 0.55726831 0.34986748 1.06965249 0.25000000 0.50000000 0.28935045 0.50801649 0.64890285 0.90706069 0.91974217 0.50427683 0.52855738 0.33762192 1.05381534 0.61701919 0.66010927 1.16717415 0.98780693 1.00000000 0.93938823 0.92777432 1.20859931 0.45916148
0.00476190 1.12674111 0.02702703 0.32908020 0.11015041 1.40720266 0.62901976 1.00000000 1.12950737 0.39003402 0.39803730 0.41680363 0.57705990 0.77246802 1.05772860 1.17094681 0.64850913 0.68167076 0.61174822 1.15202436 0.68593469 0.87447169 1.34340379 1.08755672 1.22512597 1.11131481 1.04862543 1.39507029 0.58108404
0.01428571 1.03788881 0.07961323 0.21678756 0.00000000 1.33645732 0.65006578 0.34462109 1.07531056 0.35517036 0.51569652 0.34468878 0.58661639 0.68857572 1.10097834 1.09780872 0.61495364 0.63599621 0.51977885 1.15696089 0.67062181 0.86908352 1.26901421 1.06909243 1.21517429 1.12366802 0.97023922 1.40690352 0.55901251
0.08548483 1.11530075 0.11709287 0.30225921 0.12011240 1.35387865 0.59402040 0.29107743 1.08007619 0.35330309 0.36977343 0.38782523 0.57107965 0.76184019 1.00116099 1.14643951 0.65489596 0.65907147 0.60124723 1.11953004 0.65779983 0.87397784 1.30719180 1.05174945 1.19850259 1.00000000 1.01120415 1.33399389 0.56291002
0.00476190 1.12055752 0.02702703 0.29277468 0.12199161 1.35914180 0.60288736 0.29090864 1.09138453 0.35267732 0.37995694 0.38484262 0.57836516 0.76738410 1.00671713 1.15399072 0.66000931 0.66540323 0.60619786 1.13334848 0.65859240 0.88675017 1.31817353 1.06278253 1.20872968 1.07062655 1.01896748 1.34137965 0.57104830
0.08509513 1.12685784 0.11379484 0.29573590 0.10873956 1.38727937 0.63887293 0.31232580 1.12424482 0.36976223 1.00000000 0.39412939 0.58773953 0.76807737 1.04932985 1.16853434 0.65444240 0.68472042 0.61871035 1.16382613 0.66841057 0.90275583 1.33974491 1.09038657 1.23589968 1.12308468 1.03903548 1.38227604 0.59284328
0.14285714 1.24637918 0.21621622 0.56250000 0.13586865 1.50167377 0.61200114 0.31941842 1.14971260 0.39704662 0.34213515 0.45748225 0.60452057 0.83730368 1.08872033 1.26059373 0.72077943 0.71069612 0.66245915 1.18176364 0.73704170 0.92172375 1.41756762 1.12193580 1.30001956 1.11160869 1.09912476 1.45736931 0.58972130
0.01428571 1.03859077 0.08127606 0.25000000 0.00000000 1.33633836 0.65038162 0.34495870 1.07234846 0.35540642 0.51498334 0.33333333 0.58496797 0.68618217 1.10219677 1.09684801 0.61314994 0.63614257 0.52166206 1.15413114 0.66967550 0.86815833 1.26609444 1.06670593 1.21543627 1.12437707 0.96802972 1.40672867 0.55903282
0.06666667 1.01090276 0.05405405 0.25000000 0.09121931 1.26983468 0.64327320 0.30576503 1.06397090 0.35533974 0.50000000 0.36451503 0.53632145 0.68435552 0.99193683 1.06208594 0.56420863 0.65391516 0.59527871 1.08867938 0.59099825 0.84235810 1.22766223 1.01742525 1.14417180 1.10578723 1.00000000 1.28020749 0.58147691
0.30952381 1.14746748 0.10810811 1.00000000 0.11627030 1.39327820 0.60898687 0.30562088 1.09161889 0.37200280 0.36557610 0.41703946 0.56937088 0.76747938 1.03455871 1.16959234 0.65540146 0.67751758 0.63032399 1.12400313 0.67172117 0.87969800 1.32238576 1.06122874 1.22497406 1.08656497 1.02693103 1.36770015 0.57523187
0.00952381 0.89143301 0.11402149 0.25248240 0.10311134 1.10040201 0.39151553 0.23604989 0.84180379 0.28939233 0.22016714 0.32099156 0.45106104 0.63856776 0.77286994 0.92002833 0.55735923 0.48092807 0.40727636 0.86507595 0.58010226 0.63530677 1.05377872 0.82416536 0.91715658 0.73139085 0.81311723 1.06850309 0.38121898
0.02857143 1.03706043 0.05405405 0.21198777 0.00000000 1.33392356 0.64988201 0.34277954 1.07502789 0.35300098 0.51689462 0.34191342 0.58778488 0.68880872 1.09883381 1.09728722 0.61601180 0.63554064 0.51901265 1.15811093 0.66924105 0.87110703 1.26897601 1.06939917 1.21505910 1.12302019 0.96955452 1.40485435 0.55930325
0.13333333 1.00303012 0.11238909 0.29457078 0.08297848 1.25247347 0.62548263 0.30178200 1.02694224 0.35176001 0.41602419 0.37073139 0.51714698 0.66418929 0.97917400 1.04218581 0.54942331 0.64109774 0.59339224 1.05054363 0.58129948 0.81823211 1.19290624 0.98495449 1.12460259 1.08021193 0.93425426 1.25813874 0.56610361
0.00476190 1.20616789 0.11140629 0.28585057 0.15804645 1.44688618 0.59687362 0.28894894 1.16023558 0.36151587 0.36147974 0.39846790 0.62736087 0.85173503 1.03258485 1.24309166 0.74112996 0.69114560 0.61931840 1.20836379 0.71893002 0.94101629 1.42552310 1.13399458 1.27414710 1.07820838 1.09654013 1.41143871 0.58296841
0.00952381 1.13192220 0.11932561 0.31004257 0.01886792 1.37300192 0.60209762 0.29629975 1.08859063 0.35700974 0.37733391 0.39311198 0.57847777 0.76757897 1.02041536 1.16088832 0.66324276 0.66646575 0.60805552 1.13249060 0.66786856 0.88574964 1.32053551 1.06341088 1.21776195 1.07258691 1.02006680 1.35595307 0.56893233
0.21428571 1.02137781 0.05405405 0.43750000 0.07429391 1.27420806 0.63215573 0.31184904 1.02367155 0.36323802 0.41067822 0.39120406 0.51116553 0.66022959 1.00147166 1.05133190 0.54487180 0.64947268 0.61075908 1.04382959 0.58848824 0.81570686 1.19230843 0.98261657 1.13826716 1.09460224 0.93597698 1.27722838 0.57008702
0.05238095 0.98223545 0.02702703 0.12500000 0.09632842 1.22624819 0.62005135 0.28655942 1.03924432 0.33378026 0.43006321 0.33825196 0.53249560 0.67552059 0.95123209 1.03601156 0.56270254 0.63248368 0.56978086 1.07120665 0.57373016 0.83179187 1.20324700 0.99701867 1.11343068 1.06609702 0.93772956 1.23745452 0.56462701
0.03809524 1.19713851 0.08108108 0.25000000 0.15788960 1.43125031 0.59192315 0.28119789 1.15333348 0.50000000 0.36472232 0.33333333 0.62968443 0.84895739 1.02065896 1.23547249 0.74303596 0.68471999 0.61029317 1.20772014 0.71241653 0.50000000 1.41921879 1.13031692 1.26784836 1.06868922 1.08868587 1.39884835 0.57955231
0.02380952 0.87515239 0.10041615 0.18750000 0.10842232 1.08093961 0.38569633 0.22803538 0.84122097 0.27989317 0.22408858 0.30474886 0.45413973 0.63900447 0.75467963 0.91029404 0.55885424 0.47323310 0.39315477 0.86738585 0.57297113 0.63542772 1.05058835 0.82325645 0.90463922 0.71896901 0.80890240 1.05152473 0.37716839
0.12380952 0.75470833 0.07713618 0.06250000 0.06114430 0.99069331 0.51377796 0.26038984 0.85245007 0.29381581 0.36793323 0.28358752 0.41633715 0.52749039 0.78790102 0.81518759 0.42276680 0.50573100 0.43864540 0.85968423 0.46902688 0.63661148 0.96035268 0.80470699 0.87724101 0.87382479 0.75802254 1.00000000 0.45086634
0.07068566 0.89142681 0.11769526 0.26003935 0.10333068 1.10133068 0.39145286 0.23747731 0.84042464 0.29176342 0.21718663 0.32472766 0.44803062 0.63698884 0.77334158 0.91901866 0.55428688 0.48143389 0.40966240 0.86111347 0.57963263 0.63175597 1.05143592 0.82161295 0.91548289 0.73154732 0.81246309 1.06790888 0.38098778
0.14285714 1.01299394 0.10810811 0.18750000 0.01886792 1.25687818 0.60868147 0.29303548 1.02971355 0.34163442 0.40907119 0.35875637 0.53133148 0.68205342 0.97098013 1.05409410 0.57500794 0.63324914 0.57580039 1.06383705 0.59485008 0.82732571 1.20997340 0.99475526 1.12968596 1.05788625 0.94139599 1.26226751 0.55608030
0.07179804 0.89439243 0.11919484 0.26405591 0.10222626 1.10476685 0.39355398 0.23879555 0.84142492 0.29309856 0.21809774 0.32684761 0.44827754 0.63707915 0.77710434 0.92111940 0.55435685 0.48329248 0.41240838 0.86214134 0.58067381 0.63316857 1.05272588 0.82278361 0.91866147 0.73519678 0.81359601 1.07145334 0.38255982
0.02380952 0.77636341 0.08917459 0.21879077 0.05212234 1.01542774 0.53280443 0.27075861 0.85935076 0.30440853 0.37664427 0.30053315 0.41668924 0.52546833 0.81734751 0.82960886 0.41998927 0.52142616 0.46304215 0.86613520 0.47401161 0.64776985 0.96760614 0.81232499 0.90156450 0.90567116 0.76519849 1.03786114 0.46510687
0.07153307 0.77244300 0.09616831 0.23016042 0.04973770 1.01317846 0.51926578 0.27191567 0.84716491 0.30602325 0.36231465 0.30492406 0.40951093 0.52202782 0.81213213 0.82339699 0.41753703 0.51266461 0.45377447 0.85126140 0.47778467 0.63154914 0.95808073 0.80105765 0.89033675 0.88665625 0.75833097 1.03285151 0.45287832
0.00476190 1.09469264 0.02702703 0.30171161 0.11208252 1.33362387 0.50000000 0.28961400 1.05560107 0.34915634 0.35802923 0.38344215 0.50000000 0.74755496 0.98663835 1.12499202 0.64487767 0.64110305 0.58014278 1.09487530 0.65413346 0.84909359 1.28185881 1.02991246 1.17401171 1.02790633 0.99102617 1.31534934 0.12500000
0.00952381 1.11915031 0.11320710 0.29542391 0.12089639 1.35805356 0.60179442 0.29141903 1.08887832 0.35311439 0.37859230 0.33333333 0.57653518 0.76544101 1.00638764 1.15204305 0.65813585 0.66430464 0.60552830 1.13025999 0.65815836 0.88394437 1.31529841 1.06029609 1.20675956 1.06895592 1.01699621 1.34020474 0.56968471
0.03333333 0.78693231 0.10456278 0.31250000 0.04301004 1.02949839 0.53701515 0.27961583 0.85280422 0.31390821 0.37174778 0.31722418 0.40898960 0.51834686 0.83425827 0.83258609 0.41251545 0.52605625 0.47503106 0.85607118 0.47818732 0.64122278 0.96175471 0.80642504 0.90856468 0.91496499 0.76281009 1.05042908 0.46628901
0.03333333 1.01569535 0.05140499 0.06250000 0.00808542 1.29835498 0.63617781 0.32319687 1.06635253 0.25000000 0.52034026 0.31094298 0.59489181 0.68960321 1.06475213 1.08239191 0.62380612 0.62131088 0.49711035 1.16033534 0.65534350 0.87708270 1.26138722 1.06491201 1.19756139 1.09745713 0.95790255 1.37282492 0.55152861
0.08797471 1.13501861 0.12064007 0.31101387 0.12201643 1.37739118 0.60370159 0.29626815 1.09711344 0.35989770 0.37439376 0.39594380 0.57962151 0.77412264 1.01839796 1.16576812 0.66521570 0.67038767 0.61266747 1.13665200 0.66886034 0.88770406 1.32825902 1.06826912 1.21862582 1.07529175 1.02775260 1.35645850 0.57221105
0.03809524 1.09482795 0.11374252 0.29678451 0.11022150 1.32506767 0.50000000 0.28377062 1.00000000 0.34204222 0.36189060 0.37750498 0.56001008 0.74267519 0.98306804 1.12183067 0.64419952 0.50000000 0.58454604 1.09334089 0.64615026 0.85622990 1.27544608 1.02618391 1.17616513 1.03042734 0.98388963 1.30837557 0.54690726
0.04761905 0.91969175 0.10810811 0.25000000 0.03773585 1.15585996 0.50000000 0.40000000 0.97556081 0.32819426 0.42870742 0.33602481 0.50000000 0.60670700 0.92383012 0.96414303 0.50000000 0.61314234 0.57010547 0.99762817 0.52139189 1.00000000 1.11066159 0.93016543 1.05713129 1.05418097 0.87228630 1.17280243 1.00000000
0.09047619 1.11723929 0.10810811 0.06250000 0.13535337 1.34826629 0.59285568 0.27568073 1.10515557 0.25000000 0.38674996 0.35748853 0.59882760 0.78794823 0.98603740 1.16110467 0.68571826 0.65867586 0.58506326 1.15893178 0.66195997 0.90594714 1.33948593 1.08018416 1.20920535 1.05377323 1.02897758 1.33336307 0.56790724
0.00952381 1.00110969 0.10748136 0.28233069 0.08535167 1.25214723 0.62700883 0.30116055 1.03376848 0.35065008 0.42084757 0.36629042 0.52147971 0.66831986 0.97803785 1.04402863 0.55287207 0.64147449 0.58988152 1.05820046 0.58242931 0.82222730 1.19902623 0.99095855 1.12552234 1.08162449 0.93857128 1.25931124 0.56749880
0.04761905 0.99593033 0.02702703 0.06250000 0.08671832 1.24112873 0.62460373 0.29470916 1.03017108 0.34292166 0.42358505 0.33333333 0.52393845 0.66739121 0.96898627 1.03975911 0.55499083 0.63818234 0.58548005 1.05919925 0.57693964 0.82635880 1.19592059 0.98945767 1.12231091 1.07651963 0.93400413 1.24995463 0.56668266
0.02380952 1.13557344 0.11664757 0.30531686 0.12375947 1.37040823 0.59896387 0.20000000 1.09056334 0.35333551 0.37104062 0.39066062 0.58046877 0.77392756 1.01048242 1.16403966 0.66838876 0.66776573 0.61191434 1.13406819 0.66506894 0.89065725 1.32483596 1.06455085 1.21712865 1.06828422 1.02306782 1.34849271 0.57043385
