0.01833515 1.28571868 0.09035846 0.20183734 0.01051222 0.81731758 0.45335483 0.38147258 0.68521428 0.35829166 0.30901501 0.47464187 0.43253861 0.55011746 1.12825090 1.14897006 0.49414200 0.86569671 0.25373571 0.92477507 0.62157058 0.98948092 1.26346617 0.89558551 0.98844112 0.93803564 1.19429792 0.96734471 0.63205069
0.01428571 1.00000000 0.14680584 0.32187567 0.11947035 0.88513429 0.57596861 0.40541871 0.87833006 0.25573113 0.61534565 0.59023366 0.49457076 0.60763189 1.27525051 1.44079423 0.77227000 0.93958328 0.28020295 1.11680576 0.53338690 1.13299100 1.66217658 1.01969949 1.19065118 1.14776316 1.48968572 1.22787373 0.73122025
0.01808740 1.28500108 0.09037131 0.20151249 0.01002186 0.81703217 0.45294887 0.38174976 0.68466139 0.35808445 0.30848637 0.47502211 0.43217647 0.55045140 1.12828668 1.14831710 0.49407418 0.86512458 0.25352908 0.92448578 0.62130438 0.98973707 1.26275421 0.89503498 0.98791337 0.93770733 1.19415718 0.96688239 0.63227337
0.28095238 1.33478898 0.16216216 0.12500000 0.03773585 1.00000000 0.50000000 0.28632867 0.74332066 0.38894060 0.34900611 0.34688327 0.46531622 0.44215932 1.03245388 1.18570456 0.43682709 0.91696440 0.27668134 0.90680803 0.64213070 0.86092572 1.28003567 0.93457371 1.02435848 0.92967131 1.09955255 0.96252484 0.52241914
0.01904762 1.31694154 0.02702703 0.24299868 0.08222546 0.80863136 0.47359261 0.20000000 1.00000000 0.37995634 0.34535508 0.34526211 0.45938898 0.42699846 1.00743680 1.17716962 0.42451107 0.91718361 0.27204036 0.90488790 0.62645170 0.83685036 1.26208374 0.91580644 1.00843912 0.91673402 1.06913742 0.95279074 0.50148159
0.18571429 1.40551904 0.02702703 0.06250000 0.18109264 0.82577454 0.55004299 0.29872290 0.80255243 0.34910647 0.52179144 0.37981866 0.51278739 0.42590822 1.05407666 1.27838606 0.55469327 0.96025361 0.29014740 0.96554520 0.61227227 0.86593761 1.44469161 0.98964881 1.06540279 0.98135617 1.22070455 1.08317827 0.56152481
0.00476190 1.32191088 0.08135414 0.22797666 0.05694243 0.82964574 0.48105109 0.33219524 0.72271879 0.38678956 0.33248830 0.40199821 0.45973040 0.49095636 1.08389031 1.17822124 0.46062152 0.90932301 0.27129181 0.92146076 0.64898713 0.92198658 1.28266261 0.93140785 1.01663201 0.93948238 1.15092608 0.97416087 0.57610708
0.01428571 1.33611320 0.06464483 0.21735450 0.05613277 0.84927314 0.47566069 0.35593085 0.74212809 0.38840557 0.35758139 0.45204676 0.47972308 0.50570141 1.11612281 1.21620905 0.48457714 0.96023767 0.27540375 0.97263374 0.65985368 0.94736787 1.32829586 0.94876203 1.02455376 0.96295267 1.19473212 1.02633027 0.60355766
0.06048090 1.24553500 0.06885280 0.24961018 0.03738886 0.70875684 0.40609274 0.20935940 0.70154905 0.27483934 0.31505978 0.32504454 0.36599531 0.40126578 0.89869138 1.09194092 0.41447024 0.76483838 0.22732184 0.82719485 0.47065291 0.77529615 1.14741495 0.77613218 0.94056492 0.85483524 0.93845994 0.83726105 0.41892422
0.01904762 1.33452498 0.07007513 0.12500000 0.01886792 0.82622435 0.48994629 0.29020490 0.74625399 0.39461704 0.35144958 0.35257726 0.47206527 0.44154338 1.03643378 1.19134052 0.43582760 0.93199527 0.27885804 0.91558047 0.65062752 0.86121405 1.28606111 0.94069317 1.02443073 0.93178084 1.10454636 0.97210542 0.52578335
0.04285714 1.42603602 0.05405405 0.12500000 0.11320755 0.83253879 0.55681634 0.29723044 0.81268638 0.34867851 0.52620880 0.37929652 0.51371416 0.43071428 1.06314103 1.29228350 0.56151379 0.96177665 0.29219906 0.97222077 0.61234055 0.87549483 1.45874777 0.99710915 1.08044091 0.99311963 1.22982654 1.08935751 0.56337511
0.03333333 1.31138005 0.02702703 0.12500000 0.08499678 0.79964165 0.46952915 0.27465203 1.00000000 0.25000000 0.36051183 0.35683964 0.45615885 0.42688658 1.00358513 1.17748301 0.43850928 0.91038146 0.26821834 0.90781775 0.60890220 0.83604925 1.26860510 0.90657228 1.00148983 0.91565383 1.07478228 0.95836803 0.50401490
0.10476190 1.42802318 0.09487635 0.29998138 0.16850545 0.82133248 0.54446549 0.28266378 0.81486641 0.33118960 0.25000000 0.33333333 0.49720529 0.42891005 1.04901571 1.28875075 0.55876929 0.94115176 0.28548605 0.96718694 0.58550538 0.86992452 1.44458463 0.97554882 1.07895791 0.99069503 1.20624336 1.07223102 0.54580679
0.02857143 1.32638619 0.08108108 0.06250000 0.03417358 0.84976632 0.46838785 0.38616215 0.72523965 0.37930871 0.34689063 0.48983906 0.46977835 0.54138568 1.14942979 1.20693939 0.50541392 0.94187756 0.26906307 0.97733395 0.65448963 0.99112388 1.32711328 0.93987548 1.01783131 0.96845821 1.22901259 1.02858493 0.64002373
0.03809524 1.42070534 0.09330017 0.29397330 0.18132250 0.82935505 0.55353766 0.29713528 0.81117700 0.34554631 0.52796302 0.38214987 0.51280195 0.42914003 1.05974550 1.29007896 0.56216754 0.96120407 0.29090432 0.97239975 0.60831490 0.87255227 1.45685157 0.99311034 1.07579129 0.99048797 1.22764306 1.08933731 0.56236127
0.06190476 1.31885714 0.18918919 0.37500000 0.08769438 0.80454570 0.47378710 0.27687778 0.74571140 0.25000000 0.36478795 0.35835952 0.50000000 0.42868264 1.00961414 1.18460397 0.44193887 0.91673932 0.27030440 0.91296985 0.61377849 0.84035814 1.27770875 0.91351813 1.00732249 0.92093695 1.08290176 0.96544404 0.50790801
0.00476190 1.41789288 0.02702703 0.06250000 0.17778457 0.82349774 0.54726322 0.20000000 0.81169394 0.33902111 0.52521049 0.37961056 0.50709723 0.42458599 1.04971752 1.28720641 0.55847686 0.95517008 0.28824949 0.96977541 0.59769164 0.86490975 1.44912645 0.98354254 1.07236948 0.98688407 1.21403781 1.08208840 0.55227247
0.06666667 1.35800574 0.09466481 0.06250000 1.00000000 0.81058769 0.59005633 0.20000000 0.78533960 0.36006944 0.61406604 0.36605157 0.55883173 0.38459593 1.03220983 1.26456169 0.58765168 0.98921744 0.30184269 0.95001063 0.63873725 0.81816899 1.48957788 1.02655247 1.03116999 0.95563725 1.27138605 1.13171532 0.58822160
0.01904762 1.41433454 0.09597423 0.29189304 0.16265011 0.82826730 0.54655030 0.28873694 0.80044346 0.35398746 0.25000000 0.36385406 0.49985169 0.43159958 1.05338307 1.27057461 0.53606576 0.94309950 0.28867041 0.95301719 0.61324294 0.87095091 1.42105849 0.98290846 1.07399844 0.98120864 1.19841314 1.05701614 0.54946773
0.08095238 1.59838929 0.02702703 0.12500000 0.01886792 0.88777968 0.57247318 0.40330592 0.87762845 0.50000000 0.59888077 0.58780794 0.48858688 0.61331579 1.27847524 1.43867209 0.76451838 0.93383972 0.27926097 1.11445673 0.53435179 1.13924734 1.65213113 1.01636987 1.19476667 1.14927080 1.48188810 1.21776434 0.72826657
0.06190476 1.34866327 0.02702703 0.06250000 0.20379051 0.81603338 0.54689992 0.31404395 0.77765069 0.36415726 0.53406376 0.38221675 0.53137485 0.40643633 1.03703155 1.24954609 0.54460820 0.98234429 0.29223574 0.95552926 0.63497358 0.83631432 1.43077685 0.99320184 1.02531388 0.95182144 1.22148331 1.09188504 0.57094132
0.07142857 1.45493538 0.02702703 0.31177053 0.14751394 0.81400112 0.52790662 0.25935127 0.83497168 0.30280649 0.51326701 0.38257753 0.47600409 1.00000000 1.00000000 1.30659765 0.56322969 0.92361021 0.27760770 0.97841334 0.54360990 0.87141967 1.44447216 0.95073004 1.09299442 1.00300901 1.18113179 1.06181736 0.52039605
0.03809524 1.42309789 0.09277489 0.29505474 0.17861507 0.82797666 0.55102130 0.29459668 0.81323164 0.34151661 0.52768914 0.38359889 0.51001353 0.42944636 1.05826751 1.29183987 0.56308596 0.95878351 0.28969777 0.97382033 0.60255297 0.87271719 1.45661903 0.98944076 1.07674401 0.99165232 1.22467814 1.08813416 0.55951218
0.12857143 1.48669526 0.10810811 0.18750000 0.01886792 0.84894159 0.55371666 0.28294335 0.84110770 0.50000000 0.50208798 0.38306418 0.49526545 0.45467584 1.08603563 1.00000000 0.56442767 0.94964198 0.29057575 0.99102702 0.59533246 0.91077798 1.46982626 0.99405197 1.12374174 1.02654461 1.22548793 1.08161987 0.55328245
0.03809524 1.42556143 0.02702703 0.31250000 0.01886792 0.83429393 0.54371016 0.29502825 0.81560653 0.34708512 0.51259597 0.38865278 0.50906681 0.43397249 1.06325898 1.29488148 0.55358135 0.96745833 0.28985971 0.98110056 0.60849023 0.87789717 1.45042097 0.98869002 1.07915914 0.99439561 1.21836684 1.08643152 0.55769442
0.01904762 1.32437704 0.06494949 0.06250000 0.08494744 0.81702867 0.48009430 0.28380863 0.74455459 0.38517683 0.35167592 0.35447790 0.46639984 0.43528102 1.02323157 1.18586382 0.43339234 0.92688198 0.27494730 0.91382967 0.63665263 0.85039210 1.27699000 0.92738198 1.01485030 0.92494134 1.09011973 0.96633138 0.51596556
0.08643292 1.42066205 0.09341597 0.29424185 0.18164242 0.82894898 0.55360523 0.29668429 0.81121428 0.34515527 0.52835521 0.38168554 0.51262737 0.42871095 1.05910452 1.28993655 0.56225721 0.96070366 0.29082828 0.97202130 0.60773463 0.87197188 1.45677553 0.99282550 1.07569201 0.99028490 1.22719861 1.08906876 0.56188153
0.40000000 1.33170687 0.06989229 0.24466794 0.07785359 0.82005374 0.48178323 0.28343059 0.74390386 0.38731436 0.25000000 0.33333333 0.46182543 0.44192852 1.02907918 1.18486016 0.50000000 0.91886863 0.27484435 0.90992878 0.63846107 0.85896583 1.27227627 0.92767954 1.02140545 0.92812172 1.08919545 0.95860929 0.51671610
0.05238095 1.32917741 0.08108108 0.24386821 0.01886792 0.81816417 0.50000000 0.28155749 0.74514772 0.38517618 0.34377437 0.35199314 0.46238624 0.43844475 1.02484989 1.18566411 0.43041554 0.92174329 0.27435832 0.91199793 0.63548089 0.85416627 1.27268909 0.92549976 1.01873378 0.92671465 1.08608187 0.96039432 0.51371314
0.01904762 1.32522408 0.06457556 0.24229442 0.08549000 0.81812255 0.48067731 0.28388513 0.74527364 0.38651713 0.35176446 0.35409402 0.46746620 0.43496187 1.02375839 1.18687603 0.43282937 0.92891399 0.27549680 0.91464522 0.63842532 0.85026733 1.27790563 0.92885881 1.01563183 0.92545705 1.09055552 0.96733858 0.51603897
0.01904762 1.48601552 0.08108108 0.18750000 0.14673521 0.83245530 0.54017009 0.27022924 0.84900625 0.30959463 0.51996639 0.39414520 0.48405131 0.44712587 1.06774804 1.33176389 0.57787386 0.93771322 0.28293075 0.99744026 0.55656539 0.89925579 1.47397729 0.97110222 1.11706238 1.02571139 1.21279640 1.08257519 0.53849720
0.00952381 1.42232122 0.09216467 0.29455127 0.17833201 0.82776573 0.55028560 0.29476241 0.81314626 0.34123796 0.52774701 0.38447701 0.51002602 0.42935713 1.05803280 1.29177303 0.56304893 0.95932128 0.28953963 0.97435065 0.60222234 0.87247763 1.45642767 0.98893545 1.07606483 0.99140694 1.22443789 1.08844142 0.55948372
0.06190476 1.48408414 0.27027027 0.56250000 0.14560183 0.82704855 0.53699191 0.20000000 0.84896282 0.25000000 0.51635877 0.38563741 0.47905815 0.44076310 1.05642650 1.32742078 0.57196495 0.93040229 0.28124315 0.99106933 0.54894740 0.88951661 1.46504042 0.96390198 1.11495356 1.02122143 1.19777204 1.07300575 0.52704284
0.01428571 1.25558249 0.08364492 0.06250000 0.01886792 0.80642726 0.44292247 0.38219962 0.67077112 0.35780557 0.30303019 0.47457749 0.43056568 0.54190225 1.11310360 1.12850951 0.48391943 0.86265331 0.25043849 0.91455647 0.61971927 0.97382089 1.24234571 0.88350565 0.96610427 0.92033434 1.17901757 0.95753753 0.62758420
0.08669544 1.42360160 0.09373675 0.29568827 0.17968663 0.82819838 0.55246151 0.29451850 0.81297330 0.34233398 0.52791185 0.38185993 0.51036807 0.42919533 1.05836445 1.29147140 0.56300468 0.95815541 0.29006183 0.97258471 0.60361353 0.87256852 1.45680963 0.99053751 1.07735412 0.99158979 1.22517711 1.08773312 0.55971294
0.04285714 1.35317710 0.08805771 0.31250000 0.14318399 0.80754211 0.51977929 0.30098107 0.76309583 0.25000000 0.45986926 0.33333333 0.48551405 0.43526660 1.03925084 1.22290154 0.51915721 0.92148198 0.27806545 0.93119273 0.60588635 0.86350043 1.36944934 0.95086661 1.02944563 0.94896167 1.17583963 1.02877229 0.55349973
0.00476190 1.40814776 0.06513284 0.26907746 0.15493201 0.84143509 0.52313221 0.31628995 0.81644767 0.34795553 1.00000000 0.43450817 0.51914603 0.44405064 1.07886027 1.30500384 0.55916111 1.00451954 0.28847843 1.01515250 0.61482070 0.88997727 1.46038666 0.98667089 1.06427804 0.99755883 1.23551543 1.11493544 0.57597698
0.08838561 1.43528175 0.09689998 0.29871588 0.17769163 0.83449735 0.55692827 0.29575582 0.81714394 0.34593161 0.52528560 0.38104574 0.51124778 0.43447701 1.06695214 1.29801393 0.56427255 0.95966135 0.29185810 0.97557082 0.60862327 0.88122292 1.46249168 0.99677636 1.08681673 0.99854339 1.23135176 1.08976051 0.56298907
0.01428571 1.32148499 0.02702703 0.06250000 0.03274785 0.84852441 0.46403354 0.38488804 0.72482250 0.37925077 0.25000000 0.49136148 0.46987316 0.53866080 1.14551740 1.20554024 0.50179147 0.94541468 0.26846757 0.97879507 0.65380289 0.98666193 1.32341318 0.93698108 1.01382829 0.96578688 1.22346342 1.02813473 0.63683492
0.02857143 1.23565054 0.06687013 0.06250000 0.01886792 0.70391098 0.40062944 0.20680177 0.69624548 0.27360068 0.30816026 0.32262983 0.36214851 0.39849066 0.89137744 1.08310178 0.40800908 0.75973767 0.22530232 0.82135764 0.46749609 0.76924956 1.13532351 0.76877525 0.93319613 0.84796134 0.92755147 0.82876046 0.41385007
0.03809524 1.26961737 0.08697800 0.12500000 0.01032152 0.81325110 0.50000000 0.38305086 0.67683943 0.36104657 0.30380917 0.47365279 0.43266767 0.54638399 1.12189790 1.13760227 0.48704090 0.86571910 0.25274602 0.91896856 0.62455979 0.98211470 1.25164477 0.89136793 0.97711008 0.92865338 1.18708736 0.96208609 0.63094173
0.00476190 1.39296639 0.02702703 0.06250000 0.18087837 0.81955300 0.54406159 0.29777511 0.79771084 0.34562474 0.52175758 0.38159525 0.51100177 0.42161690 1.04588900 1.27097733 0.55219290 0.95839063 0.28796663 0.96266114 0.60721267 0.85816409 1.43692782 0.98221085 1.05535019 0.97409606 1.21329001 1.07988878 0.55817889
0.05238095 1.44638708 0.05405405 0.12500000 0.15575844 0.82618850 0.53070611 0.27804888 0.83443825 0.31884740 0.52264745 0.39983759 0.49497797 0.43320977 1.05379060 1.31397360 0.56607485 1.00000000 0.28325350 0.99574399 0.56955329 0.87728523 1.46036014 0.96891794 1.08836740 1.00555440 1.20535541 1.08759807 0.53991142
0.07765235 1.39320725 0.16216216 0.50000000 0.14431722 0.82332408 0.53486471 0.30551772 0.78162817 0.25000000 0.47165168 0.38390111 0.48986778 0.45019047 1.06524946 1.25181796 0.53832477 0.92720301 0.28261556 0.94796179 0.60953118 0.89011218 1.40284927 0.96909772 1.05910782 0.97462018 1.20543008 1.04717235 0.56647857
0.02181033 1.29630030 0.09176454 0.20687079 0.01772085 0.82076529 0.45995446 0.37918513 0.69241048 0.35946927 0.31845361 0.47109783 0.43708421 0.54729671 1.12959369 1.15821382 0.49841781 0.87135728 0.25627554 0.92869482 0.62368789 0.98846827 1.27535823 0.90314095 0.99608638 0.94345138 1.19986422 0.97471626 0.63145686
0.13333333 1.48633603 0.10079747 0.18750000 0.03773585 0.82782720 0.54009601 0.20000000 0.84765846 0.30659404 0.51534403 0.38381093 0.47835831 0.44349260 1.05960069 1.32641349 0.57346342 0.92627609 0.28154293 0.98830043 0.55034967 0.89338125 1.46543630 0.96564792 1.11720752 1.02228580 1.20125573 1.07142917 0.52984729
0.08311248 1.40092479 0.08935710 0.28435438 0.18846706 0.83115107 0.55517868 0.30749252 0.80043628 0.35861926 0.52712985 0.38289791 0.52256146 0.42592376 1.06065383 1.27930897 0.55577247 0.97357889 0.29359034 0.96914963 0.62705221 0.86734086 1.45168589 1.00057250 1.06345637 0.98118336 1.23310398 1.09360124 0.57131638
0.04285714 1.29193303 0.02702703 0.06250000 0.03302346 0.83756122 0.45457448 0.38565970 0.71021375 0.37871380 0.33961480 0.49049649 0.46781748 0.53063502 1.13064414 1.18491634 0.49216735 0.94126636 0.26525944 0.96774701 0.65195473 0.97137274 1.30269771 0.92533299 0.99200570 0.94824655 1.20893270 1.01806737 0.63274970
0.00476190 1.42252534 0.09198846 0.12500000 0.17788871 0.82775997 0.54990662 0.29468925 0.81335988 0.34091986 0.52759373 0.38493393 0.50980451 0.42955113 1.05810964 1.29203674 0.56312684 0.95933857 0.28942373 0.97473742 0.60178823 0.87270436 1.45644225 0.98860354 1.07613969 0.99159959 1.22428708 1.08847977 0.55936967
0.13809524 1.44565423 0.35135135 0.12500000 0.14543718 0.80969532 0.52437130 0.20000000 0.82909131 0.25000000 0.51027051 0.38401125 0.47321297 0.43078378 1.03529150 1.29890485 0.56192237 0.91821840 0.60000000 0.97398647 0.54066593 0.86978728 1.43696637 0.94515742 1.08605514 0.99783805 1.17783756 1.05705524 0.52074813
0.01904762 1.42166516 0.02702703 0.29434058 0.17845475 0.82736715 0.54919550 0.29324693 0.81383521 0.34118975 0.52766510 0.38381739 0.51017798 0.42753423 1.05587119 1.29197081 0.56154868 0.96073026 0.28950691 0.97479680 0.60175723 0.86995691 1.45559897 0.98822086 1.07539321 0.99070572 1.22170477 1.08824628 0.55725415
0.00952381 1.32995904 0.10810811 0.24362953 0.08690904 0.82140331 0.48547085 0.28783165 0.74556663 0.38879701 0.35343448 0.35489284 0.50000000 0.43916835 1.03076853 1.18928165 0.43675413 0.92890745 0.27676956 0.91529502 0.64262434 0.85697840 1.28331959 0.93411594 1.01984559 0.92903107 1.09954925 0.97046643 0.52219906
0.05714286 1.40944950 0.13513514 0.18750000 0.14932370 0.81776536 0.53262668 0.27708936 1.00000000 0.34068672 0.25000000 0.36279653 0.48539479 0.42938455 1.03941750 1.26315751 0.52942858 0.92656626 0.28238125 0.94750941 0.59200956 0.86407388 1.40287007 0.96216397 1.06813266 0.97558697 1.17419557 1.03982789 0.53375189
0.01428571 1.32481152 0.08108108 0.06250000 0.08558354 0.81557285 0.48083389 0.28155652 0.74427633 0.38418244 0.35144045 0.35101790 0.46501784 0.43396324 1.02080260 1.18449381 0.43278086 0.92331536 0.27467349 0.91089254 0.63479571 0.84850357 1.27532992 0.92626886 1.01513966 0.92405167 1.08746823 0.96347324 0.51365485
0.07142857 1.32656470 0.06736341 0.24396017 0.08532951 0.81781413 0.48267984 0.28278721 0.74406489 0.38713293 0.34931739 0.34978279 0.46592092 0.43547781 1.02360982 1.18475099 0.43178155 0.92413019 0.27554262 0.91049678 0.63873918 0.85084381 1.27556348 0.92902074 1.01710342 0.92507817 1.08935646 0.96337070 0.51538175
0.05238095 1.58658446 0.05405405 0.31846582 0.11772196 0.88236486 0.56940894 0.40231540 1.00000000 0.25000000 0.61305956 0.59130110 0.49412407 0.60260546 1.26783797 1.43823442 0.76667399 0.94360519 0.27909692 1.11801761 0.53103429 1.12496640 1.65601256 1.01453101 1.18444899 1.14323713 1.47988972 1.22620106 0.72509908
0.15714286 1.47447912 0.05405405 0.18750000 0.01886792 0.82617965 0.53326456 0.25699452 0.83678329 0.31562426 0.48528069 0.33333333 0.47047616 0.44245840 1.05184872 1.30795350 0.50000000 0.91610608 0.28009933 0.97253736 0.55738662 0.88764185 1.43471492 0.95780502 1.11095761 1.01131418 1.17646241 1.04676843 0.51952405
0.03809524 1.43665536 0.02702703 0.06250000 0.16920762 0.82861327 0.54500726 0.28692557 0.82287506 0.33338854 0.52430147 0.38726024 0.50349013 0.43185295 1.05785317 1.30190669 1.00000000 0.95657167 0.40000000 0.98153571 0.59028177 0.87621073 1.45875614 0.98283509 1.08486287 0.99893721 1.21719300 1.08659006 0.55124829
0.00476190 1.45672400 0.05405405 0.30728831 0.14238631 0.81645600 0.52283044 0.27046788 0.83780116 0.29590610 0.52131113 0.40650814 0.47721758 0.44141791 1.05152678 1.31585382 0.57730207 0.93076535 0.27596677 0.99427908 0.53837331 0.88634566 1.45773395 0.94956334 1.09263455 1.01059628 1.19905483 1.07676099 0.53373966
0.02380952 1.22322728 0.05405405 0.24255756 0.02897281 0.70011697 0.39519289 0.20380584 0.68837261 0.27698592 0.25000000 0.31578063 0.35828248 0.39514360 0.88328537 1.07027511 0.39541790 0.75455237 0.22386241 0.81187477 0.46945383 0.76180961 1.11705545 0.76223570 0.92496890 0.83868561 0.91236606 0.81568432 0.40741493
0.11428571 1.42235483 0.05405405 0.25000000 0.18144510 0.82632043 0.55320618 0.29532684 0.81199945 0.25000000 0.25000000 0.38281552 0.50998649 0.42927101 1.05795275 1.29060680 0.56627425 0.95553508 0.28954698 0.97156338 0.60100563 0.87264591 1.45826514 0.98963870 1.07611600 0.99107665 1.22752384 1.08844024 0.56113269
0.11904762 1.48376163 0.08108108 0.31981958 0.01886792 0.82679500 0.53669056 0.20000000 0.84897692 0.30582487 0.50000000 0.38489473 0.50000000 0.44008238 1.05547763 1.32709019 0.57114100 0.93037579 0.28120691 1.00000000 0.54880623 0.88851784 1.46424004 0.96353704 1.11470187 1.02077703 1.19642333 1.07236427 0.52606140
1.00000000 1.44178236 1.00000000 1.00000000 0.18608102 0.83392558 0.56542143 0.29252562 0.81923857 0.25000000 0.25000000 0.33333333 0.50000000 0.43111149 1.06507016 1.29980847 0.56809711 0.95507784 0.29342256 0.97051419 0.60844503 0.87848711 1.46847002 1.00163389 1.09187120 0.99994864 1.23444127 1.08995042 0.56177435
0.01904762 1.41874255 0.09192487 0.29293434 0.18094620 0.82857548 0.55187335 0.29725496 0.81095231 0.34467896 0.52840432 0.38388323 0.51276995 0.42859175 1.05873086 1.28977092 0.56212065 0.96218929 0.29049554 0.97336311 0.60722163 0.87153036 1.45633918 0.99176685 1.07405589 0.98971557 1.22679754 1.08990746 0.56199730
0.05758630 1.60117942 0.14953667 0.32488455 0.12139914 0.88794996 0.58042977 0.40550993 0.88113549 0.25711724 0.61749712 0.58815473 0.49587454 0.60907632 1.27894245 1.44493205 0.77470716 0.93988952 0.28152872 1.11760778 0.53558666 1.13627820 1.66758144 1.02422263 1.19629095 1.15160773 1.49436911 1.23006427 0.73290617
0.01428571 1.42581753 0.13513514 0.37500000 0.09254221 0.91709953 0.54781815 0.34043222 0.78002564 0.75000000 0.33697157 0.33333333 0.50000000 0.49246569 1.14971980 1.26170718 0.50000000 1.02052239 0.20000000 1.00000000 1.00000000 0.95010014 1.36582493 1.04984943 1.10687142 0.99868016 1.21020438 1.03857776 0.59669394
0.05238095 1.58849691 0.35135135 0.68750000 0.14124091 0.87158973 0.60623775 0.36230516 0.85785145 0.25000000 0.57848233 0.33333333 0.48293403 0.50000000 1.22566816 1.39212183 0.71948925 0.88597719 1.00000000 1.03468048 0.55302347 1.08070922 1.60245744 1.02429769 1.19510929 1.11533023 1.42252767 1.15410836 0.68297023
0.19523810 1.43193345 0.05405405 0.18750000 0.16960462 0.84153457 0.55779534 0.33505092 0.80793481 0.33920554 0.50000000 0.43010553 0.51482320 0.46985269 1.11008977 1.30393461 0.59990328 0.96128802 0.28962463 0.99536996 0.61097123 0.92887165 1.48784840 1.00242674 1.08421830 1.01217492 1.29003965 1.11726062 0.61205095
0.04607965 1.54419554 0.02702703 0.12500000 0.11965278 0.86591197 0.55360561 0.40103778 0.86008034 0.25214950 0.60933754 0.59185868 0.49251928 0.58742266 1.24291752 1.41207926 0.75312705 0.94272807 0.27443254 1.10629607 0.52574393 1.09848723 1.62899287 0.99681165 1.15222395 1.11822399 1.45653080 1.21532558 0.71583639
0.02380952 1.42018256 0.02702703 0.06250000 0.14420077 0.80327590 0.51544807 0.27214945 0.81650215 0.29839722 0.51166533 0.39939740 0.47434708 0.43246840 1.03437148 1.28623729 0.56402247 0.92048945 0.27274307 0.97421465 0.54003902 0.86871622 1.42937734 0.93765602 1.06680350 0.98770536 1.18220889 1.06002801 0.53035604
0.07619048 1.42301716 0.16216216 0.56250000 0.01886792 0.84537818 0.54379994 0.29811826 0.79988674 1.00000000 0.25000000 0.36953497 0.50064763 0.44829756 1.07536583 1.27349673 0.52199747 0.95425131 0.29152495 0.96044695 0.63633929 0.89278700 1.41291133 0.99175695 1.08406485 0.98923469 1.20190612 1.05370789 0.55875563
0.04761905 1.26763024 0.08608314 0.12500000 0.01067365 0.81240334 0.44784775 0.38378511 0.67640076 0.36002832 0.30533865 0.47565757 0.43292870 0.54608531 1.12138419 1.13731543 0.48801792 0.86645069 0.25240550 0.91982052 0.62352673 0.98154177 1.25203314 0.89047586 0.97536829 0.92801042 1.18765838 0.96328871 0.63150617
0.01428571 1.41521870 0.05405405 0.06250000 0.18153550 0.82630697 0.55350398 0.29436207 0.80670756 0.75000000 0.52296301 0.33333333 0.51060007 0.42615015 1.05414920 1.28245035 0.55667209 0.95517745 0.29039700 0.96422875 0.60867930 0.86732578 1.44794170 0.99050303 1.07235837 0.98520087 1.22004395 1.08121394 0.55841737
0.02857143 1.23354202 0.06635320 0.25000000 0.03644423 0.70326526 0.40116774 0.20771504 0.69576692 0.27353360 0.31142579 0.32336020 0.36367772 0.39718413 0.89061126 1.08285998 0.40929984 0.76133524 0.22551366 0.82166936 0.46788504 0.76766213 1.13691269 0.76948733 0.93152369 0.84707769 0.92921948 0.83091131 0.41481386
0.03333333 1.19760096 0.02702703 0.06250000 0.01886792 0.69031962 0.38644067 0.20600379 0.67917755 0.27350736 0.30012965 0.32164042 0.36008286 0.38621708 0.87029374 1.05802525 0.39309551 0.75813315 0.22131345 0.80932901 0.46535575 0.74696240 1.10800455 0.75330116 0.90486781 0.82524728 0.90530784 0.81636989 0.40571985
0.00476190 1.41825874 0.09155277 0.29259725 0.18076106 0.82849617 0.55144180 0.29741583 0.81087768 0.34457950 0.52839487 0.38444119 0.51281081 0.42857861 1.05866096 1.28972460 0.56207838 0.96257099 0.29041561 0.97370126 0.60712099 0.87144143 1.45622386 0.99151402 1.07364827 0.98957582 1.22671214 1.09011819 0.56204583
0.02380952 1.41785572 0.08902229 0.18750000 0.16739978 0.81922939 0.53812179 0.28638294 0.81239486 0.32955088 0.51963574 0.38643731 0.49872975 0.42807205 1.04745145 1.28676431 0.55914579 0.94738020 0.28424204 0.97189583 0.58424683 0.86761818 1.44321405 0.97180683 1.07065450 0.98730774 1.20640291 1.07656059 0.54785937
0.28571429 1.60160424 0.43243243 1.00000000 0.11739333 0.89511680 0.54875416 0.20000000 1.00000000 0.31044131 0.54083888 1.00000000 0.50274506 0.50681145 1.16506918 1.44351194 0.63038977 1.00690096 0.20000000 1.10157804 0.50000000 0.99708070 1.58102402 1.01720325 1.19918160 1.11519592 1.30410000 1.16731386 0.58523663
0.16666667 1.41167506 0.02702703 0.12500000 0.16816969 0.81665897 0.53637604 0.28431694 1.00000000 0.33033679 0.51752328 0.38290859 0.49830447 0.42419000 1.04181220 1.28182034 0.55470702 0.94653689 0.28383734 0.96808080 0.58436296 0.86146529 1.43718193 0.96939472 1.06620488 0.98265414 1.19991345 1.07269824 0.54419877
0.00476190 1.22961856 0.02702703 0.24359774 0.03505516 0.70216329 0.39658064 0.20681921 0.69633049 0.27243718 0.31129344 0.32670984 0.36395998 0.39492647 0.88743549 1.08304486 0.40730328 0.76566328 0.22482251 0.82484842 0.46614282 0.76403779 1.13519517 0.76657489 0.92796769 0.84541404 0.92512652 0.83218002 0.41223992
0.04285714 1.42850228 0.09439986 0.06250000 0.03773585 0.81583493 0.51785916 0.26353044 0.80722851 0.32553581 0.25000000 0.36580154 0.46382927 0.50000000 1.03954925 1.26844825 0.52423127 0.90537223 0.27567353 0.94994376 0.56742236 0.50000000 1.38874150 0.94172039 1.07997011 0.98423842 1.15231319 1.01988017 0.51847545
0.18571429 1.47802814 0.16216216 0.93750000 0.09433962 0.85008022 0.57272624 0.29216433 0.83555500 0.34967034 0.52655385 0.37391572 0.51208254 0.44556201 1.08665290 1.32287046 0.50000000 0.95958375 0.29676526 0.98416929 0.61383499 0.90208255 1.48562648 1.01370204 1.11943159 1.02171167 1.24715720 1.09642308 0.56619041
0.08511067 1.41786052 0.02702703 0.29269228 0.18115583 0.82800390 0.55069109 0.29567060 0.81158866 0.34448658 0.52847407 0.38323658 0.51289619 0.42661321 1.05633083 1.28986275 0.56064553 0.96354603 0.29041618 0.97375581 0.60656206 0.86877447 1.45544183 0.99089331 1.07318437 0.98887134 1.22392209 1.08969430 0.55965749
0.08095238 1.33778160 0.16216216 0.18750000 0.10578091 0.81764807 1.00000000 0.28556636 0.75335774 0.38014537 0.38336929 0.33333333 1.00000000 0.43136392 1.02664068 1.19984921 0.45439530 0.93052848 0.27828899 0.91865514 0.63396242 0.85035381 1.00000000 0.94011828 1.02354090 0.93317871 1.11300730 0.98537038 0.52347988
0.07619048 1.43224947 0.09317608 0.29944733 0.16850836 0.82432561 0.54431418 0.28588516 0.81873515 0.33038965 0.52255048 0.38469110 0.49979425 0.43165876 1.05444578 1.29571177 0.56383203 0.94778464 0.28604807 0.97521658 0.58587292 0.87471918 1.45299310 0.97825600 1.08153925 0.99536903 1.21381906 1.08046209 0.55004097
0.06246370 1.32713540 0.06652959 0.24419311 0.08625654 0.81718356 0.48210234 0.28265264 0.74554606 0.38497601 0.35285990 0.35207937 0.46628275 0.43492756 1.02315094 1.18681509 0.43421654 0.92533154 0.27528372 0.91277194 0.63628875 0.85038435 1.27842180 0.92844308 1.01694165 0.92587054 1.09057974 0.96596850 0.51536257
0.19047619 1.34101936 0.05405405 0.25000000 0.08967988 0.82205192 0.48722910 0.28737662 0.75390256 0.38121237 0.36635259 0.36192503 0.47003324 0.44075646 1.03423087 1.20114716 0.50000000 0.93103060 0.27661991 0.92430850 0.63430571 0.86125880 1.29836135 0.93529944 1.02619883 0.93685919 1.10860895 0.98057265 0.52404466
0.02380952 1.43251007 0.09336605 0.12500000 0.16858777 0.82439773 0.54454223 0.28582661 0.81877220 0.33047666 0.52252398 0.38441535 0.49978684 0.43169010 1.05452304 1.29574405 0.56383992 0.94761871 0.28609795 0.97505796 0.58597419 0.87479987 1.45305520 0.97841433 1.08176438 0.99545491 1.21388817 1.08036429 0.55004297
0.11904762 1.39146311 0.08433145 0.06250000 0.16302293 0.80823135 0.52752682 0.28143053 0.79816616 0.33010653 0.50472676 0.37803112 0.49251999 0.41927358 1.02932415 1.26394006 0.50000000 0.93789537 0.28062508 0.95621235 0.58157067 0.85057883 1.41458741 0.95751637 1.05161785 0.96906344 1.18169100 1.05742165 0.53687874
0.06190476 1.30926017 0.02702703 0.23732837 0.07336691 0.81270553 0.47165549 0.27672937 0.73310380 0.39196589 0.25000000 0.34004940 0.45797498 0.43160506 1.01144310 1.16587735 0.41002672 0.91593469 0.27276830 0.89724477 0.64052922 0.84068953 1.24493327 0.91690989 1.00566036 0.91176084 1.06241690 0.94109725 0.50335735
0.21428571 1.47293826 0.21621622 0.50000000 0.14726478 0.81633594 0.53665168 0.26009377 0.83946962 0.25000000 0.51779686 0.33333333 1.00000000 0.43960026 1.04863599 1.31395765 0.57521835 0.91113755 0.27771391 0.97742587 0.50000000 0.88555206 1.45553438 0.95429496 1.10624735 1.01302206 1.19386349 1.06235567 0.52629258
0.17619048 1.44850686 0.10810811 0.75000000 0.18540509 0.83609944 0.56562603 0.29368689 0.82392457 0.50000000 0.53748572 0.66666667 0.51335335 0.43393524 1.06956508 1.30705498 0.57355176 0.95814652 0.29355361 0.97715462 0.50000000 0.88339378 1.47642280 1.00000000 1.09610644 1.00526232 1.24032679 1.09599616 0.56416813
0.01428571 1.38352578 0.13513514 0.31250000 0.19808369 0.81934341 0.55500467 0.20000000 0.79199692 0.35542888 0.53201204 0.37029577 0.52108039 0.41262949 1.04172779 1.26440591 0.50000000 0.96404231 0.29198373 0.95406777 0.62125288 0.84752502 1.43984857 0.99347049 1.05025051 0.96722081 1.21944139 1.08394726 0.56205317
0.00952381 1.45035044 0.05405405 0.25000000 0.03773585 0.81204864 0.52277316 0.27011744 0.83288553 0.29397717 0.52092239 0.40354944 0.47492053 0.44005913 1.04750959 1.30886018 0.57698069 0.92348604 0.27476141 0.98757750 0.53558174 0.88336777 1.45226208 0.94601927 1.08799869 1.00597512 1.19637703 1.07163357 0.53312403
0.02857143 1.42764431 0.02702703 0.29245754 0.18085671 0.84099648 0.55956713 0.30342884 0.81274293 0.50000000 0.52103630 0.38097480 0.51998379 0.43424594 1.07228671 1.29494755 0.55736817 0.97361059 0.29539191 0.97669126 0.62772337 0.88121520 1.46115903 1.00669834 1.08348425 0.99582306 1.23672840 1.09454612 0.57000398
0.13809524 1.32646250 0.02702703 0.12500000 0.08629251 0.81719227 0.48200994 0.28056314 0.74530237 0.38677338 0.35027891 0.34837639 0.46623166 0.43287165 1.02070529 1.18541227 0.43053943 0.92554497 0.27560128 0.91085205 0.63780934 0.84744375 1.27538177 0.92846937 1.01674741 0.92445064 1.08634103 0.96339770 0.51246709
0.07142857 1.46148633 0.32432432 0.12500000 0.14973627 0.82106061 0.54722922 0.27287563 0.82301898 0.31504578 0.50433070 0.33333333 0.50000000 0.44669675 1.05939402 1.29666855 0.56809541 0.90524578 0.28091400 0.96109550 0.56199931 0.89391879 1.44419792 0.96538055 1.00000000 1.00634871 1.20427326 1.05386500 0.54128446
0.00476190 1.30697481 0.07776996 0.20482493 0.03292410 0.83339538 0.46324629 0.38302765 0.71107480 0.36724545 0.34439258 0.48481357 0.45827681 0.53851578 1.13520908 1.18585501 0.50578193 0.91537892 0.26308131 0.95836899 0.63741102 0.98278509 1.30817999 0.92233874 1.00255279 0.95461641 1.21686683 1.01063759 0.63541868
0.03333333 1.27094308 0.02702703 0.06250000 0.01886792 0.80281378 0.44022766 0.37347773 0.68341218 0.25000000 0.31594024 0.48000692 0.42545309 0.54068856 1.10935623 1.14269356 0.49558103 0.85858915 0.24794930 0.92376457 0.59887551 0.97384514 1.25519608 0.87670539 0.97394170 0.92880264 1.17790807 0.96297412 0.61994553
0.00952381 1.32445002 0.06483864 0.24250152 0.08629714 0.81695962 0.48065938 0.28385373 0.74498086 0.25000000 0.35356303 0.35453463 0.46716552 0.43458691 1.02294970 1.18650273 0.43421452 0.92775660 0.27515269 0.91426924 0.63667922 0.84970925 1.27841217 0.92801665 1.01481190 0.92503993 1.09098458 0.96759073 0.51613448
0.00476190 1.27516946 0.08922502 0.19828974 0.00340905 0.81369777 0.44752145 0.37822790 0.67759950 0.36076980 0.25000000 0.46813701 0.42704512 0.54854975 1.12134257 1.13643215 0.48180901 0.85823847 0.25187666 0.91515004 0.62217543 0.98427869 1.24454676 0.88806362 0.98157036 0.92979125 1.17888668 0.95281753 0.62562104
0.10476190 1.44455477 0.18918919 0.37500000 0.16786976 0.82834995 0.54785048 0.28523804 0.82471042 0.32974517 0.52463394 0.38517306 0.49989541 0.43519907 1.06031366 1.30401731 0.56807805 0.94831397 0.28705823 0.97949564 0.58542633 0.88120612 1.46113745 0.98218926 1.09050869 1.00259602 1.21934904 1.08397728 0.55140265
0.01801638 1.28449589 0.09017598 0.20143851 0.01033419 0.81663562 0.45275856 0.38164067 0.68460722 0.35769881 0.30907423 0.47518052 0.43220227 0.55006433 1.12776057 1.14819239 0.49428180 0.86514201 0.25343321 0.92449731 0.62082308 0.98918451 1.26280861 0.89472067 0.98744360 0.93742461 1.19399122 0.96704890 0.63208816
0.20952381 1.44722424 0.40540541 0.81250000 0.13207547 0.83869944 0.57322189 0.40000000 0.81366242 0.35113072 0.52478312 0.33333333 0.50000000 0.44303111 1.07904231 1.29592584 0.57075216 0.50000000 0.29444913 0.96378122 0.61671253 0.89459644 1.46758882 1.00763197 1.09827160 1.00363661 1.24674484 1.08521648 0.57357970
0.18571429 1.29520685 0.05405405 0.20679133 0.02486338 0.81941421 0.45916885 0.37725444 0.69725883 0.25000000 0.50000000 0.47420321 0.44188539 0.54031930 1.12430416 1.16409415 0.50198941 0.88109921 0.25692143 0.93530902 0.62094766 0.98037270 1.28376763 0.90424603 1.00000000 0.94347029 1.20064730 0.98411801 0.62872210
0.00476190 1.45070723 0.02702703 0.29337716 0.18864651 0.85876006 0.57709389 1.00000000 0.82053996 0.36172785 0.54884810 0.41447463 0.53478146 0.46121992 1.11738246 1.32124907 0.59541491 0.99014379 0.30048968 1.00281483 0.64128503 0.92412177 1.50951422 1.03265958 1.10110561 1.02133888 1.30252044 1.13484928 0.61389727
0.01428571 1.59287406 0.14776224 0.32161931 0.11833293 0.88492908 0.57606327 0.40558462 0.87652759 0.25666530 0.61231950 0.58864410 0.49357561 0.60835962 1.27534710 1.43832272 0.77064030 0.93721984 0.28004946 1.11434342 0.53430771 1.13352016 1.65915827 1.01920763 1.19019508 1.14672440 1.48847312 1.22505186 0.73130191
0.08673909 1.42482578 0.09383016 0.29594047 0.17968935 0.82885147 0.55283519 0.29474488 0.81365038 0.34250871 0.52825627 0.38225647 0.51067501 0.42964192 1.05926834 1.29253992 0.56349929 0.95881122 0.29025525 0.97340237 0.60396209 0.87339217 1.45795463 0.99123287 1.07826517 1.00000000 1.22614466 1.08855280 0.56015974
0.00476190 1.42115655 0.02702703 0.29429656 0.17912307 0.82733739 0.54971960 0.29353736 0.81339603 0.34163181 0.52797104 0.38335071 0.51053797 0.42732719 1.05584393 1.29149239 0.56154946 0.96072094 0.28965683 0.97425401 0.60241018 0.86970875 1.45559991 0.98868831 1.07512781 0.99036883 1.22212164 1.08828788 0.55762019
0.08801710 1.45612397 0.09576188 0.30548653 0.20325181 0.84074147 0.57067927 0.30719894 0.83766073 0.33507201 1.00000000 0.40624935 0.53002870 0.43454265 1.08210081 1.33305472 0.60381664 0.98628870 0.29636701 1.00647923 0.60329210 0.88990764 1.51998362 1.01594714 1.09832944 1.01845190 1.27766131 1.13815228 0.58264400
0.14285714 1.44730912 0.21621622 0.56250000 0.20434349 0.85181286 0.58295644 0.31392040 0.82256829 0.36620456 0.55228784 0.38205741 0.53693691 0.43624822 1.08953578 1.31435754 0.57947884 0.98824020 0.30294763 0.98629903 0.64204874 0.89131723 1.49921844 1.03341181 1.09894190 1.00990598 1.27479947 1.12234266 0.58886919
0.01428571 1.57924448 0.14455492 0.25000000 0.11825329 0.88061958 0.57159530 0.40604799 0.86995904 0.25756067 0.60892803 0.33333333 0.49318492 0.60453464 1.26876432 1.42904623 0.76517058 0.93676947 0.27886064 1.10972660 0.53487152 1.12634811 1.64936792 1.01450776 1.18027912 1.13868156 1.48145792 1.22064134 0.72933271
0.06666667 1.47616321 0.05405405 0.25000000 0.14632475 0.82939536 0.53688251 0.27137837 0.84403437 0.30988334 0.50000000 0.39489267 0.48363977 0.44526524 1.06394474 1.32514226 0.57479189 0.93708488 0.28194253 0.99446571 0.55673490 0.89525643 1.46736026 0.96762173 1.10986866 1.02022871 1.00000000 1.07981662 0.53812057
0.30952381 1.42101487 0.10810811 1.00000000 0.18453293 0.82795856 0.55603791 0.29531943 0.81086858 0.34517325 0.53028945 0.37776571 0.51281021 0.42687926 1.05721261 1.28890915 0.56258201 0.95841609 0.29116484 0.96904713 0.60759807 0.86980029 1.45702444 0.99368427 1.07609042 0.98946112 1.22681600 1.08791274 0.56085749
0.00952381 1.24387619 0.06853842 0.24909943 0.03748507 0.70768935 0.40530672 0.20972319 0.70089571 0.27364283 0.31599931 0.32625238 0.36568575 0.40112997 0.89803069 1.09120218 0.41528837 0.76427002 0.22687963 0.82717981 0.46925030 0.77487305 1.14718386 0.77494812 0.93911430 0.85412597 0.93855863 0.83745743 0.41918756
0.02857143 1.59296664 0.05405405 0.32167362 0.11853036 0.88515193 0.57660643 0.40604895 0.87622527 0.25704077 0.61228190 0.58848050 0.49372621 0.60874258 1.27594592 1.43812730 0.77085232 0.93696905 0.28017149 1.11400982 0.53490377 1.13408188 1.65932473 1.01970771 1.19038819 1.14681466 1.48926667 1.22506958 0.73196893
0.13333333 1.48754246 0.10026282 0.31906997 0.14747349 0.83267936 0.54266813 0.26954184 0.84820620 0.31082336 0.51857562 0.39009803 0.48350054 0.44733778 1.06797455 1.33039427 0.57713431 0.93451470 0.28333281 0.99406865 0.55787382 0.89967490 1.47288330 0.97233002 1.11870626 1.02562059 1.21262763 1.07996259 0.53834000
0.00476190 1.38356214 0.08741063 0.27908272 0.20507143 0.82905791 0.56112060 0.31567608 0.79285271 0.36531242 0.54181343 0.38267920 0.53405103 0.41798625 1.05732754 1.27234190 0.55857701 0.98413324 0.29629779 0.96612315 0.63856881 0.85732929 1.45648447 1.00877315 1.05155257 0.97273233 1.24349430 1.10376521 0.57963353
0.00952381 1.41844339 0.09170234 0.29273872 0.01886792 0.82851040 0.55161369 0.29733686 0.81090739 0.34460276 0.52841773 0.38420633 0.51278963 0.42856593 1.05866272 1.28973658 0.56210036 0.96240363 0.29044400 0.97355458 0.60713788 0.87145222 1.45626780 0.99160234 1.07380154 0.98962146 1.22673066 1.09002784 0.56200982
0.21428571 1.49390985 0.05405405 0.43750000 0.14917876 0.83380951 0.54874407 0.26833269 0.84823790 0.31222573 0.51763899 0.38290654 0.48236546 0.44893049 1.07018197 1.33012250 0.57807806 0.92779798 0.28425282 0.98870607 0.55944414 0.90260065 1.47380216 0.97562531 1.12425973 1.02756933 1.21481521 1.07632662 0.53896375
0.05238095 1.45150073 0.02702703 0.12500000 0.14656290 0.82084642 0.52825027 0.27116872 0.83281642 0.31037252 0.51269461 0.39391236 0.48271125 0.43729899 1.05058593 1.30881621 0.56514969 0.93629875 0.27956911 0.98645809 0.55614757 0.88089059 1.44993364 0.95826086 1.09162553 1.00550383 1.19512610 1.07201747 0.53327849
0.03809524 1.36811859 0.08108108 0.25000000 0.20352831 0.82237102 0.55716693 0.31196279 0.78295882 0.50000000 0.53132270 0.33333333 0.52993301 0.41234524 1.04597962 1.25644803 0.54722997 0.97531959 0.29454203 0.95274508 0.63863591 0.50000000 1.43743979 1.00131498 1.04099522 0.96093288 1.22787648 1.08929625 0.57263489
0.02380952 1.22205891 0.06339863 0.18750000 0.03591333 0.69928079 0.39679588 0.20766514 0.69043613 0.27362279 0.30845049 0.32319034 0.36288863 0.39385978 0.88458603 1.07512432 0.40466878 0.76063696 0.22427347 0.81796531 0.46738593 0.76138459 1.12836374 0.76475606 0.92302463 0.84026826 0.92255882 0.82691780 0.41257030
0.12380952 1.31495368 0.06443980 0.06250000 0.09132795 0.82160771 0.48511962 0.29457604 0.73804004 0.39650183 0.35315538 0.35651663 0.47543544 0.43643824 1.03013238 1.18148175 0.43239998 0.93731274 0.27810031 0.91347127 0.65375585 0.85240406 1.27904260 0.93759225 1.01001618 0.92195004 1.10205227 1.00000000 0.52757285
0.06067184 1.24300227 0.06880346 0.24921059 0.03799782 0.70757907 0.40586334 0.20885031 0.70009196 0.27504943 0.31452391 0.32349275 0.36576214 0.39998012 0.89671159 1.08962994 0.41319909 0.76376450 0.22715003 0.82515582 0.47067059 0.77320411 1.14515501 0.77530206 0.93878739 0.85293698 0.93654889 0.83561598 0.41798939
0.14285714 1.46659214 0.10810811 0.18750000 0.01886792 0.83014912 0.54512392 0.27603287 0.83568535 0.32041446 0.51811093 0.38512623 0.48982440 0.44171623 1.06349532 1.31549442 0.57067038 0.93810416 0.28487394 0.98427445 0.57116121 0.89064474 1.46380421 0.97607243 1.10524435 1.01360648 1.21318181 1.07822284 0.54333919
0.06135257 1.24756977 0.07004193 0.25045673 0.03730223 0.70991477 0.40758869 0.20924498 0.70177304 0.27626051 0.31371501 0.32319188 0.36606108 0.40195549 0.89992404 1.09222316 0.41383084 0.76425400 0.22781423 0.82632514 0.47237640 0.77647139 1.14746179 0.77763064 0.94244766 0.85564162 0.93892742 0.83644103 0.41918320
0.02380952 1.32679323 0.06700977 0.24401430 0.08508031 0.81728797 0.48195120 0.28268034 0.74463939 0.38562714 0.35048877 0.35124161 0.46554026 0.43560550 1.02343590 1.18553449 0.43298420 0.92401620 0.27517972 0.91152667 0.63689808 0.85100903 1.27644903 0.92808789 1.01693600 0.92546341 1.08962995 0.96413339 0.51529974
0.06329567 1.33594090 0.06974658 0.24403201 0.08657128 0.82824339 0.49009154 0.29069146 0.74676035 0.39689444 0.34889358 0.35243168 0.47266658 0.44253798 1.03829347 1.19220459 0.43412998 0.93398186 0.27942509 0.91652427 0.65347530 0.86269039 1.28578950 0.94224099 1.02586589 0.93273306 1.10467937 0.97218279 0.52621689
0.00476190 1.39601633 0.02702703 0.29197406 0.17517113 0.80949345 0.50000000 0.27380731 0.80192345 0.33662780 0.51070209 0.36106252 0.50000000 0.40811575 1.02122393 1.26569849 0.53744277 0.94219082 0.28432943 0.95064113 0.58869887 0.83786193 1.41771526 0.96601596 1.05588154 0.96752556 1.17651912 1.05726693 0.12500000
0.00952381 1.41751292 0.09334021 0.29453398 0.17915180 0.82514488 0.55059341 0.29254710 0.80934509 0.34243968 0.52422980 0.33333333 0.50851975 0.42655484 1.05321048 1.28535940 0.55868534 0.95449214 0.28921694 0.96741164 0.60273337 0.86777471 1.44934721 0.98706782 1.07304088 0.98685239 1.21844358 1.08199625 0.55634395
0.03333333 1.33914960 0.06894692 0.31250000 0.08496263 0.82240113 0.48570929 0.28355389 0.75103223 0.38583917 0.35373892 0.35362198 0.46707289 0.43966972 1.03092448 1.19510709 0.43806277 0.92727222 0.27659948 0.91774797 0.63804584 0.85848123 1.28658549 0.93346512 1.02598623 0.93342671 1.09759222 0.97015735 0.51838265
0.03333333 1.59359036 0.14845727 0.06250000 0.11903950 0.88460187 0.57675680 0.40553155 0.87675361 0.25000000 0.61366284 0.58852373 0.49345892 0.60843162 1.27543211 1.43867731 0.77189651 0.93628713 0.28000749 1.11411606 0.53344234 1.13377653 1.66022139 1.01930095 1.19062594 1.14708152 1.48941562 1.22538009 0.73159582
0.08635576 1.42069913 0.09337796 0.29415002 0.18152289 0.82910434 0.55358543 0.29685060 0.81121099 0.34529493 0.52821696 0.38186144 0.51269093 0.42887675 1.05935185 1.29000422 0.56223525 0.96088751 0.29085716 0.97216976 0.60794398 0.87219895 1.45681970 0.99293543 1.07574340 0.99037303 1.22737459 1.08917550 0.56206241
0.03809524 1.42353308 0.09273325 0.29513476 0.17818723 0.82802904 0.50000000 0.29447693 1.00000000 0.34123085 0.52750414 0.38389560 0.50976329 0.42969346 1.05842347 1.29216072 0.56318851 0.50000000 0.28960878 0.97412708 0.60215187 0.87304291 1.45669302 0.98920114 1.07700709 0.99193821 1.22458045 1.08810607 0.55939807
0.04761905 1.42500374 0.10810811 0.25000000 0.03773585 0.89029098 0.50000000 0.40000000 0.78350354 0.41783008 0.39100585 0.41826609 0.50000000 0.51043622 1.15570154 1.27449931 0.50000000 0.98772878 0.29719533 0.98859450 0.70251598 1.00000000 1.40198052 1.01711647 1.09539676 1.00952273 1.24897843 1.06370108 1.00000000
0.09047619 1.37824865 0.10810811 0.06250000 0.17999151 0.80988294 0.53533127 0.29600555 0.79266113 0.25000000 0.52452792 0.38651513 0.50697936 0.41689877 1.03508527 1.26297703 0.55255576 0.95345895 0.28412626 0.96025038 0.59534963 0.84923043 1.42899036 0.97012733 1.04268392 0.96590397 1.20466599 1.07647501 0.55373809
0.00952381 1.49326198 0.10287692 0.32034361 0.14732566 0.83580224 0.54585360 0.27299768 0.84968691 0.31145612 0.52024108 0.39293261 0.48446256 0.45208020 1.07504242 1.33423782 0.58168631 0.93478209 0.28410699 0.99660822 0.55986807 0.90702808 1.47880401 0.97614246 1.12323619 1.03007926 1.22101330 1.08361293 0.54383440
0.04761905 1.49311680 0.02702703 0.06250000 0.14744661 0.83584045 0.54610964 0.27277116 0.84943463 0.31195179 0.51970302 0.33333333 0.48447381 0.45183010 1.07477175 1.33376914 0.58105398 0.93455852 0.28420990 0.99594730 0.56039174 0.90666500 1.47819893 0.97633091 1.12324917 1.02978155 1.22049245 1.08300996 0.54354470
0.02380952 1.42074654 0.09328266 0.29392842 0.18127813 0.82945506 0.55354684 0.20000000 0.81118865 0.34563160 0.52791826 0.38225453 0.51285704 0.42923384 1.05990174 1.29014130 0.56217666 0.96133082 0.29092851 0.97249986 0.60844754 0.87268860 1.45691769 0.99319940 1.07583554 0.99055318 1.22777951 1.08943046 0.56248062
