0.01483528 1.41205398 0.04453358 0.16802359 0.14879675 1.58832507 0.50897514 0.17854798 1.16441063 0.31552057 0.54447018 0.46220132 0.68530453 0.63836173 1.21887076 1.58590883 0.56697693 0.93488035 0.32370805 1.03807565 0.92205076 0.99656218 1.38205640 1.15086171 1.07806460 1.08326757 0.81539447 1.14806926 0.65460435
0.01244494 1.06101438 0.03764028 0.22286606 0.06939072 1.19323343 0.39480046 0.08845059 0.83612829 0.25402083 0.35616752 0.29097190 0.48972074 0.45204774 0.95300698 1.28398334 0.42029511 0.75834390 0.20906465 0.89309931 0.63721570 0.81260957 1.19598938 0.88304749 0.76636749 0.97447379 0.71568101 0.81252383 0.47310641
0.01433161 1.40810853 0.04407675 0.16503794 0.14839514 1.58482011 0.50817978 0.17961766 1.16336779 0.31520971 0.54264706 0.46221227 0.68293164 0.63722513 1.21559366 1.58202049 0.56506753 0.93206656 0.32336669 1.03402224 0.92077968 0.99213479 1.37683106 1.14719919 1.07687011 1.07807183 0.81164604 1.14547780 0.65228887
0.04413652 1.24155491 0.08516582 0.27136192 0.05974806 1.36651027 0.48452469 0.21460323 0.96285551 0.33827497 0.41238493 0.43629452 0.51027473 0.56828470 1.14752976 1.46533242 0.50396418 0.88038528 0.26910346 0.93254962 0.70103736 0.85248401 1.31401042 0.98041534 0.89419594 1.05660540 0.87496957 0.92400341 0.58310148
0.03859215 1.22220411 0.07927687 0.25975305 0.05715992 1.35318783 0.47756069 0.20802018 0.95640657 0.33071282 0.40443221 0.42712691 0.50776399 0.55951580 1.12547174 1.44595340 0.49440445 0.86702503 0.26304787 0.92443329 0.69869035 0.84090770 1.29643000 0.96925699 0.88682319 1.04095723 0.85165306 0.91440594 0.57171313
0.10839966 1.27931819 0.11026152 0.27142553 0.22398013 1.25709449 0.46092021 0.16076283 0.91752262 0.36809591 0.48672095 0.37593315 0.45470792 0.52082564 1.26409065 1.52725926 0.51780493 0.88103966 0.34613625 0.91474663 0.65074301 0.95087025 1.33849563 0.95626182 0.84764132 1.06924284 1.01997023 0.90934295 0.54899570
0.04257112 1.33255206 0.07245934 0.20417607 0.13360500 1.45666907 0.49917103 0.20976412 1.06684490 0.34232585 0.48845605 0.45655572 0.57380536 0.60187687 1.21106288 1.53811667 0.53635923 0.90563155 0.31790383 0.96084044 0.80316527 0.92024077 1.33453780 1.04984684 0.98766458 1.04860116 0.86953357 1.03162469 0.61047197
0.05752610 1.37767094 0.07370226 0.20444182 0.19510678 1.46551783 0.49237606 0.17507816 1.07718205 0.34021620 0.53846001 0.43544842 0.59970193 0.59863549 1.25475552 1.57312998 0.55604617 0.91823759 0.34468611 0.98671354 0.82447128 0.98940301 1.36518427 1.08243123 0.99767013 1.07482750 0.90724033 1.06906645 0.62108398
0.02647321 1.28035587 0.06471681 0.20930904 0.07150726 1.43388611 0.54298358 0.22799709 1.08718478 0.40927835 0.35722317 0.42237446 0.45131856 0.56513257 1.26113014 1.68798661 0.48387841 0.95764345 0.29340509 1.03602858 0.73637471 0.89098506 1.47435186 0.99659671 0.97714696 1.15015358 0.95634338 0.92676005 0.51375657
0.04760054 1.24847077 0.08425496 0.24661415 0.08367294 1.36348099 0.48558325 0.21909194 0.97846864 0.34430760 0.42359824 0.43961173 0.50472948 0.56868059 1.16145312 1.47505034 0.50411660 0.87723682 0.28461874 0.92014031 0.71091230 0.85328169 1.30216690 0.97655806 0.90647609 1.03659270 0.87563138 0.93259094 0.57651907
0.11154623 1.29162475 0.11780968 0.30506796 0.20530602 1.27130520 0.46591045 0.16511089 0.90792379 0.36921056 0.48631402 0.38433974 0.46273198 0.53010710 1.27138794 1.53190827 0.52777692 0.89481225 0.33864612 0.92890634 0.64370781 0.95878762 1.36025668 0.96950811 0.84295395 1.09762045 1.04017037 0.91144598 0.56811102
0.03712191 1.21350715 0.07798516 0.25620313 0.05517226 1.34605953 0.47458343 0.20750986 0.95176498 0.32781992 0.40120201 0.42536495 0.50564397 0.55659717 1.11581997 1.43493077 0.49078008 0.86062937 0.26060581 0.91776271 0.69593612 0.83350124 1.28600723 0.96312418 0.88250427 1.03211735 0.84227726 0.90934429 0.56816933
0.09770710 1.20254427 0.11129918 0.27574201 0.16327453 1.20364927 0.45487096 0.18869284 0.87186215 0.36499339 0.42552586 0.38294488 0.40817849 0.50646944 1.19864606 1.45815415 0.48624495 0.84852067 0.31349991 0.86561882 0.59970003 0.86387562 1.28112669 0.89518490 0.80537193 1.02456320 0.97663163 0.84046319 0.52305941
0.04831480 1.43479057 0.06174672 0.17567951 0.22002210 1.54020287 0.50254323 0.16559111 1.14269520 0.33494759 0.57899351 0.44567308 0.65520404 0.62286710 1.28111077 1.61685988 0.57735990 0.93954456 0.36135039 1.02421959 0.89440819 1.03645128 1.39332585 1.13898631 1.05751782 1.08940764 0.89318972 1.14075600 0.64577478
0.11162622 1.29162128 0.11663514 0.30217846 0.21012127 1.26953605 0.46430135 0.16111671 0.90824250 0.36804433 0.48851656 0.38070949 0.46377785 0.52801117 1.27134764 1.53224965 0.52730482 0.89354815 0.33992108 0.92977667 0.64512574 0.96225692 1.36000498 0.96984681 0.84278701 1.09692786 1.03914451 0.91252259 0.56614277
0.03860139 1.21421512 0.07926952 0.25796144 0.05627448 1.34428564 0.47460425 0.20840862 0.95002588 0.32870945 0.40208178 0.42610317 0.50424593 0.55673193 1.11783775 1.43490054 0.49148286 0.86087865 0.26156961 0.91627573 0.69399604 0.83363085 1.28570989 0.96236456 0.88121900 1.03213133 0.84552230 0.90855785 0.56888275
0.10742206 1.27432721 0.11490223 0.29588055 0.19796608 1.26015648 0.46361289 0.16820511 0.90390605 0.36750679 0.47471685 0.38290564 0.45393130 0.52522592 1.25598388 1.51846733 0.51907849 0.88542210 0.33373922 0.91811897 0.63831719 0.94121800 1.34495923 0.95619740 0.83790788 1.08266345 1.02429432 0.89953485 0.55821093
0.15442345 1.46143955 0.11765265 0.23259138 0.42055406 1.33815631 0.47266559 0.10659778 1.02261558 0.39495135 0.64816910 0.36135158 0.52579911 0.54498089 1.45439342 1.69997774 0.59000693 0.94687444 0.45672472 0.98818785 0.75474069 1.15061774 1.44434910 1.07014664 0.94219075 1.13460458 1.15405148 1.06030842 0.59076051
0.10261410 1.24245904 0.11316454 0.29744895 0.17815014 1.23609829 0.45845577 0.17032934 0.88359105 0.36371956 0.45120713 0.37715121 0.43732940 0.51484897 1.22852663 1.49254442 0.50520953 0.87181160 0.32002921 0.90458505 0.61808990 0.91401634 1.32694513 0.93327650 0.81825188 1.06992875 1.00698594 0.87157948 0.54433277
0.00876088 1.05197861 0.03607993 0.22546396 0.05766506 1.19161123 0.39524322 0.08914834 0.83274115 0.25323336 0.34534962 0.28927123 0.48608836 0.44993981 0.94434343 1.28078574 0.41579639 0.75745481 0.20207788 0.89531117 0.63257292 0.80505764 1.19754491 0.87890161 0.76250907 0.97709391 0.71029751 0.80440713 0.46918041
0.12086444 1.36807020 0.10379163 0.25400207 0.31467147 1.31168216 0.46095214 0.11089886 0.97186356 0.36643257 0.56686952 0.35192165 0.51343362 0.52835603 1.33927255 1.60872083 0.55222226 0.91327165 0.38911176 0.97586866 0.71618040 1.06668539 1.40413447 1.02867734 0.89592348 1.11832964 1.06527570 0.99381425 0.57050376
0.07696269 1.05308130 0.10981590 0.25676379 0.06466051 1.09521201 0.44002232 0.24485469 0.79495939 0.35792451 0.31720513 0.39866188 0.31808024 0.47800335 1.07040035 1.31730049 0.42301794 0.77494495 0.26089492 0.75301948 0.51248239 0.68981083 1.14555103 0.77128159 0.73294554 0.90885298 0.87661418 0.71520036 0.46684446
0.10734779 1.27145263 0.11470563 0.29567147 0.19773930 1.25690219 0.46263617 0.16741045 0.90158729 0.36699411 0.47333709 0.38143772 0.45234278 0.52364027 1.25381739 1.51605937 0.51779409 0.88381490 0.33301377 0.91675805 0.63631071 0.93970935 1.34312481 0.95394465 0.83563013 1.08130282 1.02314046 0.89698368 0.55649959
0.08753262 1.11804588 0.11631267 0.24978926 0.09768604 1.14605938 0.46231572 0.25840532 0.84770683 0.38224055 0.34985378 0.42015858 0.33006759 0.50209402 1.14413708 1.39606995 0.44745939 0.81275659 0.29213924 0.78069351 0.54684378 0.73307530 1.19554715 0.80913876 0.78012900 0.93954337 0.92971000 0.76186944 0.48640052
0.10988083 1.29477776 0.11508077 0.30229543 0.20912475 1.27598152 0.46517088 0.15858089 0.91230853 0.36713587 0.48910500 0.37948488 0.46829839 0.52894727 1.27196234 1.53680582 0.52818642 0.89619566 0.33896525 0.93641692 0.64958073 0.96684253 1.36612332 0.97485958 0.84621712 1.10236801 1.03821636 0.91652439 0.56727825
0.03904969 1.23089892 0.08008251 0.26029659 0.05773006 1.36263659 0.48179208 0.21130059 0.96444564 0.33441804 0.40658707 0.43131293 0.50951932 0.56382718 1.13490620 1.45779190 0.49761192 0.87351365 0.26569330 0.92993207 0.70343911 0.84545019 1.30539572 0.97509062 0.89401888 1.04728766 0.85859644 0.92037623 0.57500662
0.11156409 1.29049555 0.11657688 0.30115267 0.21012119 1.26840152 0.46415250 0.16168854 0.90803274 0.36813642 0.48797710 0.38089455 0.46282137 0.52772814 1.27062240 1.53124118 0.52673963 0.89273302 0.33998154 0.92833483 0.64468284 0.96077506 1.35833683 0.96860539 0.84251129 1.09518052 1.03822602 0.91170042 0.56540347
0.03199505 1.18921157 0.07610213 0.26074313 0.03499311 1.33109721 0.47278697 0.20867535 0.93761054 0.32645205 0.37845540 0.41968144 0.49182643 0.54847989 1.09634627 1.42194999 0.47939031 0.85414608 0.24755858 0.91448465 0.67956052 0.81414391 1.28154858 0.94717985 0.86797036 1.03089117 0.83238318 0.88610700 0.55634877
0.03850139 1.22552735 0.08157735 0.26748867 0.04798581 1.36011613 0.48160760 0.21448239 0.95742214 0.33342541 0.40111457 0.43363395 0.50762499 0.56431548 1.12855476 1.44991532 0.49664046 0.87229417 0.26069968 0.92731769 0.69735521 0.83834659 1.30263721 0.97193142 0.88859510 1.04762303 0.85687598 0.91446843 0.57686152
0.03982398 1.23278468 0.08153682 0.26345948 0.05544471 1.36441079 0.48349519 0.21425343 0.96456838 0.33622550 0.40589365 0.43409909 0.50845452 0.56566075 1.13776687 1.46015209 0.49876596 0.87579372 0.26571374 0.93034000 0.70221081 0.84477284 1.30786228 0.97568167 0.89447158 1.04972907 0.86256439 0.92016649 0.57695562
0.08041599 1.08897976 0.11198483 0.26229798 0.07619566 1.12809336 0.45038729 0.24479179 0.81945897 0.36587139 0.33455720 0.40565459 0.33335566 0.49065376 1.10443399 1.35739285 0.43764784 0.79734584 0.27177737 0.77830639 0.53215501 0.72014140 1.18064725 0.79874904 0.75562551 0.93692155 0.90305223 0.74242834 0.48158568
0.10658126 1.27021274 0.11413993 0.29501745 0.19658429 1.25697731 0.46253360 0.16720877 0.90174506 0.36656939 0.47219296 0.38104412 0.45236911 0.52332110 1.25220049 1.51536780 0.51708624 0.88335634 0.33218721 0.91697308 0.63649015 0.93876013 1.34275876 0.95356068 0.83561340 1.08094721 1.02132295 0.89644485 0.55580077
0.08182690 1.08808729 0.11127936 0.26085155 0.08390101 1.12209963 0.44712191 0.23813020 0.81610908 0.36409182 0.33799903 0.39930271 0.33354951 0.48650821 1.10456212 1.35620451 0.43706651 0.79497455 0.27358350 0.77859844 0.53109756 0.72566579 1.17997043 0.79795755 0.75218362 0.93661384 0.90411284 0.74188215 0.47876245
0.01153403 1.39514001 0.03828665 0.14132093 0.16005864 1.57105348 0.50309546 0.17547356 1.16673994 0.31290710 0.54098511 0.45461718 0.67624969 0.62887171 1.20585280 1.57374697 0.55634409 0.91973031 0.32690045 1.02203814 0.92348302 0.98388803 1.35804512 1.13517140 1.07706596 1.05575060 0.79404619 1.14089663 0.63719057
0.10958466 1.27664946 0.11614226 0.29744581 0.20216478 1.25815586 0.46303542 0.16712539 0.90225724 0.36809955 0.47786244 0.38222916 0.45359573 0.52484190 1.25960055 1.51956753 0.52047024 0.88587444 0.33589246 0.91760689 0.63714322 0.94449217 1.34566792 0.95661017 0.83669404 1.08355894 1.02895509 0.90016341 0.55906471
0.09334618 1.36390508 0.09966866 0.28848234 0.21469986 1.38016217 0.48541426 0.14451344 0.99185840 0.36530683 0.51850861 0.38681832 0.53290680 0.55805484 1.30766671 1.61336121 0.55205255 0.93832708 0.34599943 1.01165056 0.72758382 1.03014490 1.43911534 1.05095905 0.91688326 1.15840161 1.03611527 0.99451864 0.59574660
0.07080608 1.38935625 0.09981164 0.26811034 0.14590556 1.47432399 0.51319963 0.22225699 1.05469347 0.36359833 0.51808490 0.47739594 0.57584653 0.62231776 1.28157147 1.58371482 0.56980321 0.94464833 0.33544650 0.98101902 0.78636648 0.96388279 1.38929919 1.07869462 0.98460822 1.10726851 0.96430687 1.04774167 0.65129804
0.11006018 1.27376436 0.11843848 0.30174675 0.19482181 1.25659184 0.46483839 0.17394573 0.89906886 0.37025106 0.47306181 0.38743320 0.44892978 0.52675803 1.25852624 1.51659066 0.52000410 0.88615312 0.33386326 0.91322298 0.63193700 0.93646932 1.34322283 0.95276382 0.83440852 1.08215197 1.03065103 0.89524575 0.56041422
0.04937592 1.43109659 0.06135477 0.17238050 0.22536836 1.53255683 0.49980792 0.16269255 1.13925511 0.33401148 0.58002412 0.44192873 0.65254784 0.61924905 1.27932932 1.61292530 0.57554129 0.93562737 0.36280823 1.02012711 0.89200824 1.03613536 1.38807907 1.13487682 1.05398067 1.08437997 0.89185376 1.13790862 0.64202901
0.02199424 1.27911366 0.06289249 0.21082099 0.05951034 1.44290963 0.54698969 0.23117050 1.09259747 0.41050821 0.34870722 0.42460597 0.45167888 0.56744428 1.25870010 1.69400571 0.48221988 0.96197318 0.28813471 1.04360663 0.73845958 0.88728456 1.48275973 0.99891255 0.98124864 1.15732800 0.95340409 0.92581150 0.51332500
0.01539017 1.40749429 0.04214582 0.15318711 0.16158542 1.57869929 0.50549673 0.17562277 1.16652946 0.31495139 0.54784180 0.45777861 0.68129749 0.63349009 1.21738791 1.58237113 0.56338673 0.92764220 0.32914739 1.02926785 0.92402243 0.99477723 1.37007721 1.14423847 1.07852145 1.06876849 0.80872292 1.14737713 0.64646282
0.10626097 1.27460370 0.10680025 0.26256564 0.22841901 1.25349315 0.45827733 0.15585198 0.91924016 0.36558784 0.48639607 0.37046121 0.45490949 0.51683639 1.25885499 1.52460694 0.51437868 0.87659226 0.34638423 0.91378460 0.65349120 0.95071627 1.33382116 0.95383708 0.84792504 1.06344612 1.01155131 0.90889143 0.54306220
0.08732624 1.18907933 0.10869521 0.25316483 0.13493815 1.21546927 0.47039563 0.22340885 0.89660292 0.37937070 0.39640649 0.40704978 0.38645098 0.51620089 1.19445793 1.46837643 0.47520475 0.85052188 0.30930075 0.85201975 0.60272786 0.82124337 1.27122881 0.87898891 0.82415989 1.00423017 0.96001383 0.82966316 0.51186212
0.10115959 1.39218285 0.11262037 0.33097276 0.19737122 1.40586918 0.49573366 0.15682677 0.98731226 0.37160057 0.52635474 0.40604929 0.54465949 0.57643987 1.33080451 1.62863210 0.57075989 0.96126444 0.34368396 1.02806757 0.72355248 1.04443668 1.46931033 1.07313103 0.91888313 1.19456014 1.07193732 1.00609321 0.62681315
0.02323658 1.41524886 0.05203553 0.18201993 0.15296239 1.57752990 0.50894363 0.18183514 1.15185784 0.32038402 0.54765305 0.46437083 0.67695145 0.63804064 1.23005335 1.58666584 0.57071973 0.93743051 0.32740927 1.03276697 0.90860599 0.99887858 1.38441795 1.14687058 1.06827534 1.08818633 0.83627149 1.14148014 0.65842691
0.08577389 1.11014933 0.11742050 0.26769308 0.08154482 1.14348914 0.45890681 0.25450894 0.83174091 0.37544424 0.34352089 0.41751412 0.33468252 0.50087161 1.12948766 1.38022035 0.44713076 0.81091758 0.28069561 0.78412686 0.53793499 0.73004891 1.19620594 0.80950475 0.76778168 0.94814555 0.92537747 0.75448704 0.49188122
0.11980949 1.35563604 0.11648474 0.31384330 0.25171482 1.31688223 0.46791634 0.13193106 0.93754289 0.36645045 0.53764712 0.37112375 0.50882572 0.53963228 1.32102783 1.58636612 0.55551630 0.92351747 0.36006413 0.98036145 0.68379119 1.04056973 1.41726940 1.02629009 0.87141960 1.14841499 1.07786899 0.96846010 0.59320924
0.04597503 1.41919122 0.05472135 0.14569770 0.23849514 1.52063253 0.49503149 0.15835617 1.14562945 0.33173482 0.57924339 0.43439587 0.64688450 0.61124618 1.27015817 1.60627037 0.56681045 0.92339965 0.36722512 1.00867393 0.89735857 1.02861252 1.36926197 1.12381042 1.05661174 1.06104492 0.87272039 1.13534945 0.62646538
0.10608556 1.26837086 0.11391311 0.29466155 0.19515572 1.25605307 0.46239911 0.16765825 0.90111161 0.36638160 0.47068049 0.38102994 0.45151156 0.52293825 1.25045077 1.51392969 0.51622561 0.88257537 0.33135356 0.91612265 0.63572286 0.93681313 1.34152701 0.95229032 0.83494215 1.07988825 1.01979604 0.89504536 0.55500040
0.07681853 1.06922662 0.10386613 0.22973056 0.09334031 1.10609138 0.44182076 0.23727936 0.82144050 0.36143633 0.33265277 0.39338907 0.32409269 0.47766418 1.08887610 1.34273397 0.42505336 0.77850117 0.27632196 0.76049241 0.53458285 0.70877915 1.15248371 0.78093434 0.75356334 0.90474712 0.87752537 0.73486234 0.46003846
0.10729721 1.27053729 0.11412180 0.29353045 0.19976126 1.25527762 0.46196639 0.16619591 0.90175016 0.36676664 0.47360266 0.37995673 0.45176068 0.52245323 1.25346798 1.51592533 0.51704070 0.88279936 0.33362311 0.91621654 0.63651079 0.94003478 1.34209792 0.95303753 0.83543154 1.07987493 1.02222393 0.89664171 0.55482761
0.03927836 1.22723923 0.08064728 0.26237631 0.05526276 1.35861421 0.48160210 0.21189313 0.96083240 0.33509320 0.40304894 0.43045243 0.50571595 0.56225437 1.13351534 1.45643629 0.49602243 0.87286380 0.26421395 0.92882904 0.69900017 0.84260741 1.30527021 0.97173510 0.89052167 1.04774946 0.85991220 0.91552211 0.57304828
0.09202111 1.18046627 0.10844353 0.27569954 0.14637301 1.19156282 0.45178692 0.18948540 0.86070724 0.36099700 0.40798889 0.37893389 0.39987022 0.50013934 1.17678819 1.44050294 0.47630404 0.83962018 0.30205035 0.85935552 0.58905499 0.84502297 1.27014372 0.88169167 0.79424274 1.01705188 0.96011272 0.82312769 0.51388684
0.04049736 1.22701193 0.08127226 0.26060580 0.05860311 1.35573599 0.48003105 0.21236768 0.95922240 0.33406143 0.40631237 0.43144892 0.50622818 0.56234987 1.13241969 1.45123274 0.49661379 0.87004742 0.26593192 0.92355287 0.69905686 0.84137577 1.29855877 0.97035929 0.88967027 1.04180355 0.85795395 0.91642466 0.57403636
0.04150313 1.22889999 0.08207276 0.26243071 0.05990889 1.35599399 0.47948129 0.21198778 0.95802547 0.33340540 0.40897132 0.43204656 0.50805895 0.56309941 1.13315110 1.44975947 0.49813982 0.87006354 0.26659125 0.92297572 0.69926162 0.84306633 1.29781927 0.97171919 0.88922169 1.04190899 0.85907124 0.91806246 0.57636588
0.01395198 1.06150467 0.03822758 0.22224989 0.07315532 1.19023197 0.39488982 0.08783838 0.83574649 0.25585304 0.35663433 0.28948853 0.48657348 0.45060450 0.95691837 1.28753241 0.42002789 0.75892001 0.21111375 0.89297043 0.63538516 0.81436362 1.19776419 0.88159187 0.76551151 0.97525417 0.72034133 0.81108562 0.47100952
0.08367883 1.09238943 0.11550393 0.27431091 0.07457466 1.12701018 0.45063299 0.24431417 0.81256125 0.36682827 0.33588929 0.40592879 0.33319098 0.49138448 1.10906373 1.35871547 0.44078090 0.80092025 0.27107467 0.78124747 0.52633834 0.72466527 1.18728003 0.80084857 0.75059285 0.94602388 0.91403357 0.74073828 0.48626981
0.09928426 1.21861288 0.11180847 0.27169204 0.17196591 1.21778573 0.45944102 0.19093997 0.88615983 0.36897837 0.43523263 0.38815598 0.41437707 0.51280750 1.21397491 1.47462558 0.49242060 0.85633384 0.32098902 0.87188937 0.61118172 0.87466385 1.29051855 0.90580283 0.81838940 1.02950735 0.98486157 0.85450002 0.52867108
0.07073092 1.10418314 0.10021052 0.25423041 0.08149227 1.15715368 0.45454565 0.22253695 0.84556296 0.36379013 0.33560454 0.38770876 0.35131662 0.48803810 1.11409969 1.39611070 0.43799842 0.81273206 0.27003270 0.82151710 0.55615451 0.75300756 1.22347949 0.82329862 0.77451034 0.97126293 0.90337359 0.76068933 0.47559118
0.01853150 1.25636828 0.05862055 0.19942227 0.05809907 1.42196216 0.54128060 0.22711726 1.08354948 0.40772791 0.33602199 0.41446076 0.43888345 0.55588429 1.24158157 1.67973798 0.47019333 0.94934960 0.28357129 1.03319565 0.72880958 0.87262027 1.46741453 0.98116624 0.97036069 1.14229669 0.93825984 0.90843431 0.49643148
0.11118881 1.28634362 0.11661972 0.30727510 0.20650488 1.26480505 0.46054217 0.15751747 0.89947508 0.36318220 0.48795141 0.37797882 0.46649337 0.52600787 1.26214338 1.52022471 0.52661349 0.88936352 0.33576474 0.92771907 0.64145242 0.96056539 1.35455710 0.96843220 0.83591499 1.09561860 1.03365634 0.90940101 0.56766412
0.08182725 1.08749693 0.11092222 0.26017737 0.08493515 1.12096479 0.44702320 0.23699140 0.81614690 0.36449757 0.33733501 0.39767771 0.33237716 0.48533740 1.10524085 1.35791688 0.43636443 0.79511910 0.27379449 0.77960137 0.53055244 0.72654550 1.18142433 0.79736406 0.75176871 0.93755888 0.90506509 0.74091402 0.47705403
0.11701465 1.29677606 0.12036755 0.30257022 0.21940021 1.26478879 0.46445602 0.16422016 0.90677147 0.37155578 0.49517936 0.38379203 0.46007309 0.52905360 1.28094165 1.53431238 0.53034093 0.89395998 0.34653017 0.92324967 0.64253868 0.96439076 1.35691669 0.96822033 0.84217260 1.09320335 1.04921531 0.91369853 0.56812598
0.10910128 1.28716524 0.11470458 0.29931168 0.20665119 1.26929215 0.46386417 0.16061506 0.90883802 0.36668073 0.48471934 0.37943858 0.46351193 0.52681504 1.26582601 1.52962217 0.52475086 0.89164011 0.33739044 0.92981270 0.64570261 0.95863831 1.35798597 0.96808845 0.84274604 1.09483717 1.03272025 0.91056572 0.56346906
0.01469539 1.06706408 0.03940134 0.22508788 0.07269874 1.19582389 0.39662719 0.08973537 0.83826046 0.25676497 0.35936656 0.29279914 0.48953423 0.45390231 0.96105036 1.29093825 0.42300701 0.76214010 0.21209716 0.89514513 0.63777103 0.81709216 1.20123955 0.88582700 0.76850667 0.97861973 0.72386444 0.81530769 0.47543198
0.04111094 1.34186097 0.08300182 0.25286966 0.07889247 1.48444902 0.52867944 0.23697032 1.07232497 0.37204908 0.44397530 0.47261612 0.54535724 0.61358568 1.24618638 1.60292035 0.53725275 0.94924468 0.30119522 1.00428285 0.77750841 0.91510988 1.41372501 1.05551700 0.98966717 1.12154192 0.92967025 1.00708052 0.61322296
0.06068325 1.18663588 0.09393393 0.37616306 0.05483290 1.26736991 0.43228509 0.12604314 0.81873794 0.29230765 0.40892652 0.35233979 0.51635386 0.51229556 1.08516190 1.37346315 0.49667843 0.85042650 0.22795682 0.95123528 0.61414520 0.89567625 1.32192071 0.96266377 0.77121945 1.11432535 0.89770715 0.85811860 0.58068836
0.09238896 1.29083997 0.09274787 0.27979228 0.22164739 1.29228775 0.44855227 0.11163721 0.92359213 0.33700026 0.50224682 0.34445459 0.51179286 0.51625619 1.23599671 1.52193956 0.52343315 0.88376578 0.32873626 0.96646719 0.68462105 0.99846431 1.36781282 0.99859888 0.85404090 1.10663567 0.98634263 0.94130659 0.56085877
0.01221637 1.06625460 0.03674579 0.21625180 0.07421361 1.19865322 0.39678633 0.09004354 0.84467945 0.25598244 0.35948075 0.29312771 0.49114023 0.45419276 0.95851087 1.29102474 0.42148178 0.76027440 0.21295323 0.89399290 0.64356896 0.81502290 1.19731722 0.88588816 0.77355065 0.97270496 0.71593191 0.81836522 0.47305886
0.06961599 1.09251321 0.09251102 0.21146447 0.11083815 1.13776649 0.44850979 0.21839762 0.85801489 0.36431737 0.34047231 0.37872633 0.33995998 0.47716140 1.11087763 1.39251468 0.42740864 0.79603955 0.28349636 0.80092325 0.56474280 0.74527475 1.19514598 0.80665010 0.78107550 0.93391073 0.88349397 0.75983808 0.45278289
0.09395906 1.32998125 0.11738953 0.36605707 0.13450777 1.36310497 0.48197438 0.16882345 0.92414685 0.35356138 0.48457266 0.40949676 0.52785752 0.56699809 1.25874279 1.54138989 0.55308970 0.93137151 0.30473884 0.99173572 0.67543963 0.98141466 1.41880803 1.03418295 0.86723172 1.16986795 1.03159080 0.95259599 0.62623294
0.01512596 1.40859250 0.04170423 0.15358841 0.16180934 1.58007034 0.50646344 0.17433860 1.16815550 0.31612741 0.54669324 0.45611719 0.68056317 0.63285688 1.22003686 1.58782345 0.56313710 0.92988258 0.32917279 1.03338472 0.92421760 0.99746321 1.37567978 1.14536993 1.07935330 1.07329494 0.81172909 1.14721190 0.64508574
0.11080038 1.28528524 0.11513868 0.30037903 0.21087778 1.26285892 0.46154027 0.15695715 0.90398297 0.36598254 0.48597368 0.37540431 0.46166464 0.52360829 1.26585037 1.52759133 0.52411865 0.88977688 0.33821403 0.92864856 0.64217815 0.96094930 1.35697637 0.96585758 0.83822990 1.09469050 1.03517508 0.90783199 0.56145237
0.02531874 1.29212703 0.06290820 0.20151048 0.07685504 1.44802607 0.54913673 0.22982698 1.10473785 0.41506285 0.35974112 0.42469628 0.45307035 0.56904827 1.27546168 1.71048970 0.48613796 0.96649931 0.29888090 1.04638299 0.74733458 0.89943292 1.48877943 1.00468835 0.99124701 1.15776720 0.96313965 0.93658450 0.51298441
0.01467687 1.26117373 0.05197716 0.17173413 0.07351214 1.42999282 0.54185808 0.22583139 1.10511425 0.40767299 0.34361796 0.41416822 0.44378596 0.55662011 1.24415335 1.68766642 0.46850465 0.94613200 0.29222130 1.03092251 0.74785627 0.87499189 1.45952233 0.98403433 0.98746107 1.12663920 0.92362531 0.92194652 0.48992595
0.10864785 1.28668211 0.11436407 0.29906121 0.20600147 1.26960503 0.46384167 0.16038253 0.90904277 0.36641394 0.48417104 0.37917505 0.46373933 0.52669305 1.26503008 1.52945116 0.52444575 0.89153423 0.33691154 0.93023504 0.64595692 0.95838543 1.35809827 0.96812948 0.84284815 1.09494852 1.03179542 0.91045743 0.56319419
0.09439435 1.20034351 0.10751125 0.26108823 0.16648824 1.20591111 0.45532421 0.19009348 0.88153196 0.36493529 0.42487817 0.38349482 0.40806097 0.50628873 1.19577381 1.45904169 0.48319642 0.84533448 0.31557654 0.86234055 0.60724548 0.85941330 1.27439131 0.89332309 0.81264688 1.01420551 0.96565333 0.84352450 0.51787681
0.10301787 1.27453458 0.15987160 0.44006567 0.00208317 1.33125864 0.51059432 0.29655014 0.86220852 0.38708193 0.40376508 0.51014491 0.44843734 0.60459053 1.22847773 1.46608653 0.54594849 0.92728236 0.26846972 0.89658217 0.58321348 0.82671003 1.35174690 0.96154138 0.82452935 1.12543955 1.04816317 0.86669503 0.65640835
0.09546309 1.19900020 0.10613689 0.25035754 0.17743146 1.19967820 0.45337733 0.18805863 0.88420169 0.36550348 0.42839817 0.38046951 0.40494517 0.50309425 1.19755851 1.45932939 0.48129427 0.84130540 0.32074418 0.85684580 0.60912203 0.85989862 1.26763747 0.88937643 0.81391938 1.00499116 0.96344513 0.84399986 0.51221075
0.02406714 1.28584359 0.06207563 0.20016824 0.07396144 1.44353157 0.54753252 0.22972493 1.10135325 0.41341188 0.35625543 0.42347811 0.45111615 0.56705876 1.26886908 1.70379470 0.48344449 0.96279887 0.29647468 1.04285813 0.74478362 0.89408822 1.48318754 1.00047978 0.98801753 1.15327655 0.95740266 0.93230645 0.51042014
0.07381737 1.06474662 0.10232056 0.21968994 0.08820736 1.10784025 0.44651118 0.24627799 0.83048182 0.36691881 0.32353295 0.39829331 0.31525851 0.47876815 1.08975462 1.34956419 0.42053381 0.77916046 0.27655497 0.75722840 0.53559119 0.69736956 1.15107672 0.77486401 0.75974230 0.89863537 0.87391082 0.73078986 0.45328988
0.12043496 1.31070187 0.13692596 0.38228069 0.16102331 1.29131573 0.47546094 0.17862704 0.87736439 0.37263652 0.48080169 0.40405106 0.47212137 0.54830325 1.28350688 1.53315316 0.54721445 0.92093900 0.32074979 0.95071276 0.61827291 0.96689366 1.39977116 0.98951982 0.82449826 1.15387000 1.08564460 0.90634326 0.60791226
0.10978626 1.28729089 0.11464502 0.29747690 0.20989851 1.26741082 0.46327708 0.15972882 0.90891720 0.36690401 0.48605517 0.37840284 0.46272882 0.52590240 1.26696762 1.53002117 0.52458473 0.89090654 0.33888472 0.92874558 0.64573011 0.95961334 1.35694535 0.96732683 0.84260244 1.09332729 1.03336649 0.91066546 0.56231831
0.05385753 1.23741459 0.08444716 0.26701805 0.09804862 1.33293999 0.47076349 0.18620466 0.94474258 0.33472479 0.42664041 0.40698504 0.50309316 0.54767376 1.15541191 1.46554581 0.50089503 0.87131643 0.28000710 0.93221798 0.68976402 0.87772117 1.31417251 0.97261129 0.87535982 1.05731065 0.89051487 0.91630936 0.56740937
0.09828884 1.21105861 0.11246051 0.27763357 0.16311442 1.21300407 0.45799015 0.19195103 0.87789798 0.36685647 0.42931577 0.38808635 0.41233321 0.51152905 1.20534763 1.46491632 0.49028894 0.85351202 0.31548849 0.86909613 0.60466534 0.86765337 1.28648518 0.90153157 0.81155444 1.02881473 0.98103067 0.84742801 0.52872123
0.04182256 1.23297525 0.08203818 0.26404977 0.06138240 1.35953035 0.48071683 0.21026463 0.96050990 0.33456832 0.41012306 0.43089206 0.50933569 0.56350651 1.13793273 1.45678185 0.49946052 0.87360188 0.26744970 0.92853521 0.70083651 0.84851428 1.30523494 0.97526260 0.89115892 1.04828561 0.86393761 0.92036515 0.57697030
0.04007111 1.22804715 0.08043831 0.25802455 0.06049810 1.35703870 0.48032426 0.21152470 0.96190205 0.33435159 0.40695010 0.43067656 0.50670028 0.56216154 1.13365890 1.45391496 0.49645574 0.87050235 0.26687769 0.92489144 0.70114406 0.84291388 1.29979489 0.97122913 0.89165093 1.04192737 0.85758965 0.91791729 0.57299622
0.09887972 1.21202499 0.11290199 0.27812103 0.16399282 1.21296560 0.45809134 0.19214908 0.87780928 0.36720943 0.43018412 0.38842390 0.41228940 0.51179303 1.20662205 1.46548317 0.49083485 0.85388008 0.31613601 0.86891815 0.60453229 0.86835726 1.28677086 0.90182012 0.81159488 1.02907759 0.98244631 0.84784434 0.52925872
0.09192170 1.18575608 0.10288883 0.23567495 0.17568895 1.19101512 0.45205955 0.19216506 0.88592146 0.36532565 0.42048622 0.38047407 0.39674184 0.49946777 1.18689967 1.45044608 0.47365373 0.83267897 0.31974611 0.84525264 0.60807582 0.84441370 1.25187024 0.87755055 0.81372410 0.98728492 0.94836268 0.83645637 0.50213484
0.02908719 1.17894317 0.07302132 0.25191339 0.03399534 1.32403143 0.47091521 0.20773838 0.93717606 0.32529846 0.37214459 0.41591284 0.48665250 0.54390801 1.08793653 1.41663265 0.47334859 0.84833529 0.24565141 0.90990328 0.67801750 0.80627648 1.27388527 0.93953035 0.86597617 1.02224408 0.82235568 0.87973332 0.54787471
0.08029049 1.06351532 0.11117974 0.26171638 0.07311655 1.09898105 0.44142230 0.23963807 0.79736266 0.36074415 0.32335362 0.39499919 0.32002764 0.47789223 1.08392308 1.33205738 0.42711684 0.78209885 0.26522361 0.76317587 0.51386747 0.70466285 1.16070535 0.77843885 0.73480177 0.92227385 0.89173676 0.72017003 0.46869569
0.12330480 1.31482146 0.13178466 0.35681817 0.19590151 1.28116757 0.46861875 0.16365942 0.88626188 0.37063262 0.49761451 0.39028149 0.47388295 0.53948289 1.29112554 1.53875789 0.54573164 0.91332832 0.33519871 0.94670336 0.62941025 0.98270235 1.39112797 0.98882958 0.82983111 1.13927143 1.08205689 0.91592048 0.59647588
0.12597523 1.37638218 0.11803078 0.30251843 0.27760837 1.32455669 0.46917739 0.13128663 0.95210987 0.37017983 0.55919048 0.37486486 0.51573891 0.54456127 1.34242164 1.60085451 0.56406397 0.92744526 0.37619751 0.97875919 0.69781537 1.05719442 1.41777039 1.03617006 0.88505556 1.14353512 1.08864263 0.98773497 0.59872839
0.07142843 1.10428205 0.10113275 0.25895975 0.08012674 1.15641440 0.45337766 0.22131808 0.84146135 0.36211636 0.33676723 0.38745136 0.35337161 0.48820068 1.11234021 1.39218500 0.43916042 0.81236686 0.26870359 0.82158665 0.55444697 0.75408743 1.22304872 0.82429407 0.77166315 0.97293110 0.90394220 0.76050740 0.47827792
0.11140764 1.30235333 0.11683658 0.30170239 0.21060177 1.28240300 0.46995888 0.16448007 0.91986040 0.37283729 0.49024981 0.38499787 0.46598764 0.53300191 1.28321960 1.54913905 0.53072036 0.90222308 0.34293581 0.93854136 0.65200252 0.96856369 1.37311407 0.97757334 0.85275929 1.10605359 1.04731082 0.92011605 0.56908498
0.04239885 1.23252100 0.08225315 0.26271056 0.06298453 1.35767481 0.48089801 0.21080736 0.96068970 0.33571738 0.40980198 0.43068315 0.50704081 0.56284103 1.13945802 1.45810694 0.49891403 0.87343907 0.26853485 0.92739263 0.69988606 0.84798690 1.30491507 0.97369016 0.89098345 1.04725476 0.86542007 0.91921957 0.57543099
0.08481537 1.08633606 0.11146433 0.23915307 0.09959545 1.11219255 0.44871984 0.24702595 0.82566987 0.37186169 0.34012612 0.40364149 0.31964351 0.48508267 1.11387235 1.36160227 0.43346279 0.79006070 0.28526070 0.76188076 0.53239236 0.71643682 1.16535784 0.78622617 0.75862221 0.91487803 0.90465679 0.74019503 0.46852617
0.04035075 1.42461306 0.05986801 0.18354915 0.19284447 1.54915655 0.50292467 0.17167103 1.13847532 0.32778255 0.56729084 0.45282049 0.66285619 0.62788346 1.25831664 1.59744782 0.57519298 0.93638162 0.34692542 1.02355228 0.89470943 1.02007137 1.38553715 1.13963130 1.05571665 1.08753370 0.87207166 1.13766209 0.65254269
0.00731878 1.38529779 0.04331847 0.18284406 0.11549108 1.57825237 0.50448859 0.18062536 1.14233696 0.30615731 0.52233632 0.46121420 0.68260365 0.63456326 1.18451836 1.55335706 0.55820176 0.92491773 0.30271948 1.03226690 0.90617785 0.97191707 1.36877761 1.13890901 1.05958178 1.08023232 0.79318283 1.12719066 0.65351717
0.04330947 1.23771982 0.08418383 0.26716799 0.06038397 1.36338048 0.48274544 0.21460194 0.96193081 0.33640900 0.41230243 0.43603820 0.51018597 0.56724840 1.14237873 1.45877878 0.50235379 0.87626343 0.26884262 0.92767157 0.70144558 0.84850075 1.30629720 0.97753088 0.89337214 1.04939303 0.86827840 0.92310487 0.58154752
0.00000000 1.32775842 0.03532369 0.16318744 0.10490420 1.52550803 0.49127640 0.17419245 1.11436099 0.30004633 0.48779629 0.43924347 0.64901404 0.60747139 1.14130235 1.51504900 0.52926314 0.89499262 0.28856432 1.00552984 0.87667497 0.93200260 1.33180277 1.09380005 1.02860439 1.04634210 0.75956285 1.08022943 0.61494317
0.10061852 1.21566020 0.11720280 0.29542080 0.15289996 1.21748858 0.46057220 0.19600696 0.87105152 0.36828573 0.42789103 0.39334335 0.41369764 0.51600965 1.20897325 1.46574818 0.49484419 0.85978505 0.31172138 0.87354384 0.59844151 0.86895392 1.29552334 0.90574760 0.80747865 1.04150200 0.99236471 0.84600020 0.53791383
0.01571267 1.40869778 0.04490798 0.16725974 0.15036477 1.58257294 0.50758403 0.17822538 1.16097580 0.31548076 0.54373090 0.46083159 0.68214168 0.63628187 1.21742303 1.58259131 0.56558131 0.93239763 0.32404275 1.03439070 0.91877315 0.99437183 1.37822288 1.14702850 1.07480929 1.07990719 0.81524406 1.14459411 0.65234304
0.11691392 1.29981021 0.12467812 0.31638390 0.20231080 1.27403380 0.46993837 0.17599345 0.90521543 0.37450810 0.48955782 0.39578954 0.46016891 0.53719498 1.28197574 1.53415728 0.53384832 0.90017267 0.34147073 0.92405669 0.63879505 0.95664561 1.36166679 0.97088505 0.84286532 1.10038001 1.05455624 0.91251298 0.57786105
0.02964126 1.39754808 0.05698776 0.19645136 0.15365233 1.54574229 0.49940872 0.17574732 1.12045681 0.31654851 0.54355402 0.45479567 0.66454186 0.62680430 1.21887533 1.56232205 0.56631023 0.92624329 0.32325711 1.01868202 0.88359181 0.99207166 1.37043900 1.13013547 1.04119174 1.08283002 0.84176250 1.11986090 0.65355846
0.10958565 1.27664936 0.11614266 0.29744038 0.20216843 1.25815355 0.46303660 0.16712887 0.90226028 0.36810261 0.47786232 0.38223107 0.45359093 0.52484188 1.25960434 1.51957056 0.52046932 0.88587395 0.33589576 0.91760260 0.63714307 0.94448926 1.34566511 0.95660680 0.83669611 1.08355385 1.02895675 0.90016252 0.55906189
0.01169473 1.05995960 0.03636369 0.21781509 0.07157543 1.19258512 0.39517346 0.08820124 0.83926696 0.25504262 0.35507197 0.28972670 0.48769001 0.45084383 0.95379447 1.28698293 0.41866061 0.75791616 0.21022353 0.89308822 0.63854730 0.81207275 1.19597550 0.88160227 0.76822453 0.97258409 0.71443661 0.81213707 0.46957718
0.10896180 1.25934111 0.11461740 0.28770661 0.20412055 1.23879168 0.45652882 0.16677594 0.89215358 0.36411497 0.47348372 0.37845719 0.44550464 0.51773596 1.24395248 1.49822012 0.51305309 0.87181594 0.33450807 0.89994747 0.62970537 0.92960928 1.32178439 0.94126052 0.82706232 1.06193073 1.01371146 0.88878575 0.54999265
0.10788410 1.27323588 0.11436632 0.29402352 0.20162413 1.25691559 0.46220306 0.16551888 0.90283826 0.36696692 0.47572533 0.37999608 0.45320099 0.52307788 1.25586318 1.51804974 0.51828673 0.88398877 0.33471335 0.91765261 0.63781664 0.94287009 1.34400787 0.95504188 0.83655470 1.08152803 1.02420978 0.89880002 0.55604376
0.12374806 1.34531326 0.12587803 0.30539616 0.23674558 1.30690568 0.47763293 0.17340454 0.93936029 0.38171300 0.52413044 0.40336049 0.48108930 0.55087968 1.32397314 1.57499129 0.55216319 0.91841788 0.36471123 0.94093448 0.67038836 0.99501068 1.38490119 1.00146438 0.87441665 1.11312436 1.07806119 0.95340445 0.59336416
0.13717749 1.41958595 0.13326883 0.37058199 0.26121980 1.35970265 0.47989259 0.12786299 0.94095232 0.37539263 0.57289053 0.38314736 0.53809050 0.56187358 1.37908282 1.63461528 0.59061372 0.96468871 0.37107844 1.02340290 0.69141816 1.10089062 1.48322053 1.07587703 0.88193406 1.21799780 1.14939805 1.00458352 0.63832167
0.01332940 1.06221622 0.03887022 0.22886212 0.06715732 1.19356212 0.39568184 0.08796356 0.83371038 0.25517321 0.35474751 0.29030275 0.48872330 0.45198189 0.95570844 1.28741035 0.42109378 0.76124603 0.20794496 0.89692200 0.63418000 0.81503168 1.20234055 0.88415365 0.76429103 0.98141242 0.72178400 0.81074798 0.47411593
0.08207307 1.09571048 0.11399119 0.26241642 0.07703316 1.13352359 0.45487694 0.25092639 0.82573884 0.37133394 0.33535384 0.41129547 0.33068956 0.49456428 1.11479758 1.36817683 0.44003930 0.80283488 0.27534395 0.77952897 0.53361726 0.72095778 1.18659619 0.80076134 0.76116401 0.94004317 0.91186791 0.74517239 0.48352552
0.11367628 1.29403852 0.11766509 0.29983760 0.21566271 1.26775918 0.46433973 0.16223508 0.90930110 0.36960597 0.49195741 0.38179948 0.46230675 0.52830685 1.27572604 1.53382645 0.52833242 0.89333172 0.34357833 0.92664378 0.64542722 0.96334751 1.35791578 0.96912445 0.84379476 1.09386222 1.04233081 0.91392377 0.56615220
0.02723663 1.28658497 0.06578560 0.20837086 0.07260030 1.44009880 0.54562043 0.23222881 1.09281889 0.41152339 0.36035963 0.42758091 0.45302849 0.56927075 1.26689401 1.69290238 0.48667991 0.96069516 0.29614442 1.03601931 0.74034042 0.89197533 1.47585306 0.99998586 0.98269837 1.15017003 0.95923823 0.93197735 0.51741166
0.01257020 1.05826609 0.03717131 0.22037007 0.07122793 1.18921459 0.39427462 0.08767033 0.83542482 0.25477928 0.35451031 0.28883004 0.48625458 0.44975604 0.95293152 1.28458012 0.41838961 0.75708381 0.20961723 0.89187862 0.63536529 0.81151842 1.19512449 0.87994315 0.76497273 0.97282886 0.71588533 0.80958791 0.46940901
0.08309821 1.09528508 0.11389336 0.26175762 0.08152729 1.12997993 0.45225409 0.24755986 0.82285422 0.36915134 0.33893289 0.40880678 0.33241094 0.49293511 1.11319401 1.36374283 0.44038420 0.80018117 0.27640503 0.77744335 0.53351462 0.72324069 1.18274818 0.80049312 0.75890833 0.93731761 0.91043304 0.74592592 0.48363066
0.12751731 1.38707801 0.11567842 0.30081947 0.29326550 1.32887159 0.46730848 0.11730119 0.95726304 0.36873958 0.56974119 0.36421121 0.52371109 0.54130774 1.35262209 1.61482887 0.56736176 0.93194101 0.38143303 0.99259989 0.70544660 1.07907882 1.43227671 1.04648883 0.88864908 1.15573245 1.09677669 0.99744071 0.59794812
0.10882277 1.28679291 0.11449368 0.29909082 0.20625922 1.26939897 0.46384164 0.16050931 0.90894687 0.36652962 0.48434385 0.37928422 0.46357569 0.52671631 1.26530032 1.52946223 0.52452392 0.89152383 0.33710439 0.92997755 0.64582057 0.95838790 1.35795265 0.96802521 0.84278589 1.09479519 1.03210729 0.91043640 0.56324354
0.09076793 1.11427091 0.12048554 0.26851379 0.09122772 1.13781745 0.45770634 0.25488448 0.82867182 0.37721920 0.35063117 0.41833675 0.33255328 0.50072085 1.13676843 1.38015024 0.44985655 0.81028019 0.28641683 0.77854438 0.53540729 0.73359962 1.19280128 0.80830316 0.76575751 0.94489763 0.93363984 0.75561342 0.49359274
0.07771373 1.08311720 0.10541685 0.22722076 0.09471859 1.12112993 0.45036412 0.24619829 0.83743499 0.37013930 0.33456463 0.40239499 0.32317090 0.48523452 1.10682288 1.36512627 0.42940977 0.78949367 0.28221551 0.76716912 0.54219731 0.71303717 1.16624112 0.78813569 0.76734330 0.91239462 0.88995202 0.74354696 0.46345595
0.12093256 1.38142937 0.11071355 0.29503303 0.28452119 1.33494813 0.46870584 0.11584758 0.96368882 0.36713635 0.56098282 0.36157034 0.52503882 0.54018365 1.34451475 1.61732480 0.56275735 0.93206837 0.37584540 0.99939472 0.71006201 1.07515112 1.43613804 1.04695908 0.89270050 1.15779576 1.08549706 0.99624160 0.59276997
0.02361650 1.28652318 0.06099065 0.19594008 0.07697420 1.44420167 0.54752135 0.22885056 1.10447199 0.41356326 0.35735085 0.42261285 0.45144807 0.56663307 1.26977449 1.70583101 0.48301530 0.96245859 0.29795894 1.04308398 0.74736458 0.89519576 1.48283278 1.00080224 0.99030937 1.15157907 0.95595022 0.93401724 0.50881893
0.04693631 1.26078142 0.07734392 0.20504726 0.11684848 1.37057731 0.48755215 0.21854283 1.01080275 0.34948968 0.43936368 0.43943696 0.50586403 0.56909125 1.17789526 1.49560156 0.50344837 0.87492694 0.30434587 0.91448388 0.73612119 0.86144825 1.29347859 0.97909880 0.93175594 1.01406092 0.86741954 0.95235201 0.56551142
0.02709812 1.28903512 0.06485508 0.20565978 0.07589767 1.44201142 0.54689385 0.23064738 1.09714972 0.41345315 0.36048612 0.42557233 0.45207717 0.56850569 1.27173177 1.70113403 0.48643072 0.96320375 0.29797222 1.04031371 0.74238461 0.89601644 1.48183181 1.00146527 0.98555850 1.15376624 0.96265438 0.93331996 0.51492629
0.09242501 1.15560845 0.11609069 0.27132338 0.11961127 1.17313014 0.45817479 0.22834117 0.85177109 0.37179897 0.38366762 0.40627452 0.36892527 0.50637960 1.16378938 1.41556594 0.46704883 0.82873364 0.29764242 0.81820954 0.56747767 0.78995500 1.23245120 0.84954277 0.78725050 0.98035717 0.95011888 0.79647939 0.50936879
0.02694244 1.27764840 0.06552028 0.21014295 0.06995808 1.43058689 0.54257069 0.22979731 1.08430364 0.40944624 0.35568870 0.42335842 0.44890051 0.56476714 1.25931122 1.68434839 0.48310105 0.95606955 0.29279986 1.03246833 0.73342556 0.88725046 1.47082632 0.99361262 0.97476679 1.14742660 0.95585679 0.92381253 0.51335769
0.03960724 1.22926093 0.08097002 0.26197512 0.05626639 1.36037312 0.48144312 0.21267444 0.96172982 0.33439600 0.40576939 0.43229995 0.50814201 0.56382458 1.13360761 1.45467955 0.49743088 0.87252458 0.26509641 0.92736897 0.70100733 0.84294625 1.30293418 0.97324863 0.89192856 1.04576523 0.85869666 0.91834743 0.57546395
0.04781805 1.25024816 0.08461859 0.24601261 0.08382297 1.36533881 0.48674814 0.22092971 0.98060469 0.34553131 0.42398971 0.44143920 0.50445787 0.56995990 1.16371677 1.47738804 0.50475516 0.87841967 0.28557057 0.92009329 0.71191208 0.85311582 1.30297162 0.97720100 0.90840998 1.03662287 0.87696490 0.93378110 0.57719345
0.10441980 1.24439480 0.10759551 0.27547451 0.20877204 1.22592935 0.45182578 0.15382791 0.89045949 0.36145395 0.46417678 0.36124454 0.43835371 0.50480843 1.23435377 1.49922215 0.50258412 0.86535550 0.33152586 0.90449870 0.62694778 0.93001132 1.32284789 0.93253289 0.82141476 1.06047265 1.00415917 0.87820257 0.53179162
0.10646973 1.26719479 0.11318281 0.29357233 0.19892311 1.25266400 0.46052751 0.16362253 0.89929804 0.36522068 0.47188818 0.37701572 0.45151656 0.52030040 1.24981062 1.51323631 0.51546229 0.88111711 0.33190920 0.91669885 0.63512812 0.93963030 1.34136003 0.95165059 0.83292973 1.07988084 1.01967790 0.89432755 0.55286701
0.04224045 1.23368814 0.08463428 0.27708178 0.05133501 1.36238058 0.48204768 0.21235840 0.95450012 0.33440412 0.40692584 0.43362030 0.51060953 0.56595885 1.13696713 1.45511051 0.50155795 0.87716798 0.26268318 0.93229614 0.69587480 0.84790448 1.31118293 0.97762197 0.88712569 1.05746220 0.86902586 0.91785488 0.58273640
0.01248113 1.06096111 0.03678049 0.21797995 0.07325200 1.19199147 0.39540242 0.08807962 0.83937758 0.25592781 0.35572531 0.28944275 0.48677126 0.45062190 0.95607958 1.28898245 0.41897191 0.75859837 0.21126730 0.89337522 0.63806460 0.81333956 1.19726084 0.88158307 0.76820467 0.97344327 0.71699855 0.81210792 0.46927501
0.11157880 1.29088014 0.11659543 0.30150640 0.21010042 1.26880601 0.46420937 0.16150281 0.90811247 0.36810513 0.48815189 0.38084135 0.46315289 0.52783277 1.27086352 1.53158674 0.52693279 0.89301636 0.33995288 0.92883287 0.64483962 0.96127140 1.35891119 0.96903439 0.84261336 1.09578197 1.03853062 0.91198376 0.56566172
0.10697534 1.26969498 0.11458817 0.29544464 0.19640607 1.25586190 0.46251558 0.16796045 0.90084236 0.36688885 0.47191240 0.38151526 0.45137880 0.52329071 1.25225414 1.51463246 0.51700299 0.88306292 0.33227359 0.91577383 0.63540763 0.93776667 1.34185952 0.95262394 0.83488422 1.08022812 1.02188051 0.89554657 0.55577499
0.05555935 1.35089504 0.10106091 0.31638299 0.06301695 1.47613911 0.51847563 0.23507477 1.02183149 0.35807110 0.46266356 0.48233067 0.56564932 0.62265222 1.23650567 1.55693141 0.55688529 0.94835627 0.29052588 0.99556778 0.75278918 0.92368640 1.40488184 1.06657022 0.95657585 1.13828909 0.94962712 1.00632388 0.65401052
0.10291401 1.26246004 0.10243833 0.25356097 0.23010875 1.24388874 0.45203996 0.14896526 0.91447992 0.35883333 0.48427835 0.36287263 0.45569814 0.51039865 1.24328946 1.50939332 0.50860059 0.86621504 0.34330452 0.90772402 0.65349704 0.94536504 1.31988535 0.94740157 0.84283350 1.05127646 0.99427426 0.90455738 0.53600933
0.08603652 1.10762462 0.11795934 0.26825750 0.08014602 1.14063561 0.45854418 0.25583200 0.82935407 0.37556756 0.34194975 0.41806687 0.33253267 0.50037574 1.12779649 1.37731057 0.44628670 0.80957742 0.28005727 0.78136603 0.53542131 0.72690544 1.19345024 0.80690160 0.76573135 0.94600273 0.92482607 0.75181161 0.49123958
0.08531589 1.10449946 0.11710238 0.26721473 0.07973620 1.13808715 0.45758018 0.25425589 0.82791690 0.37478346 0.34009623 0.41581759 0.33139520 0.49847433 1.12509568 1.37562562 0.44459876 0.80806022 0.27897885 0.78119173 0.53423499 0.72583705 1.19245205 0.80504502 0.76400872 0.94518715 0.92266884 0.74951143 0.48886199
0.11160437 1.29164936 0.11659564 0.30221164 0.21016351 1.26957626 0.46425829 0.16095641 0.90822823 0.36797306 0.48856575 0.38058780 0.46389682 0.52796957 1.27130840 1.53226285 0.52731560 0.89355687 0.33989225 0.92992062 0.64518064 0.96241908 1.36010887 0.96994183 0.84277142 1.09705037 1.03911452 0.91258103 0.56614805
