0.05420359 0.85368549 0.04814297 0.16200897 0.06209516 0.71819098 0.48931074 0.33615534 0.99321313 0.34207399 0.44818246 0.35634066 0.46188029 0.45440423 1.19150304 1.12754929 0.43339042 0.63473659 0.32342655 0.87888393 0.64515214 0.77969997 0.91431878 0.97030799 0.96019921 0.99070530 1.12998851 0.93343477 0.48636725
0.01873073 1.00884011 0.04140837 0.16900760 0.17299908 0.87912916 0.53111544 0.34721095 1.16579835 0.36512850 0.72035554 0.41356781 0.50574495 0.67921613 1.41539934 1.41697751 0.56299844 0.86999926 0.35331172 1.09211570 0.82607390 0.97759844 1.15550470 1.05821515 1.18819346 1.17858002 1.34032844 1.11089017 0.60425688
0.05420588 0.85369876 0.04815185 0.16202687 0.06210858 0.71820189 0.48931343 0.33615489 0.99322836 0.34207672 0.44819831 0.35634901 0.46188757 0.45441693 1.19152319 1.12756368 0.43340244 0.63475180 0.32342680 0.87890234 0.64516092 0.77971486 0.91433839 0.97031692 0.96021237 0.99072151 1.13000100 0.93344708 0.48637166
0.05466474 1.00701942 0.12424061 0.27354898 0.00000000 0.67947426 0.52489133 0.34231272 0.95415934 0.39217866 0.39396607 0.31944731 0.53063514 0.51263745 1.28012024 1.11910217 0.50499007 0.62242375 0.28667785 0.92629660 0.76345545 0.82980035 1.07099403 1.06174162 0.91767598 1.11016636 1.22076792 0.95933659 0.65566181
0.04037795 0.99179074 0.09770115 0.22810552 0.00000000 0.67274576 0.51796664 0.33876943 0.93768061 0.38205696 0.40665050 0.30132826 0.51230925 0.51997442 1.25951760 1.12409862 0.48935579 0.62340302 0.28952873 0.90856386 0.76607425 0.82196998 1.05097120 1.03937741 0.91705317 1.09319417 1.21105727 0.94652812 0.66310608
0.06570492 0.82458443 0.09035902 0.24707009 0.17792283 0.74070630 0.45119682 0.29881710 1.01675259 0.31665550 0.53536480 0.39742378 0.45231365 0.48882787 1.19502558 1.12665649 0.46633073 0.68902596 0.30034522 0.91768519 0.61623123 0.79832108 0.93286477 0.91644135 0.97465848 0.97834135 1.08922640 0.92927153 0.42079829
0.04814318 0.95094356 0.07845391 0.20002014 0.00000000 0.70831336 0.51852954 0.34810185 0.98054463 0.37586520 0.42637101 0.33559956 0.50277766 0.49869761 1.25219332 1.14967109 0.47865759 0.63852642 0.30945454 0.91457017 0.72988412 0.81792270 1.01630019 1.03524731 0.95484699 1.06917158 1.20507693 0.96489893 0.59568596
0.03985316 0.92774780 0.05977963 0.16764180 0.01169844 0.72061377 0.50965772 0.34423104 0.98450969 0.36546962 0.45765961 0.34054160 0.48685058 0.50925922 1.23707212 1.16810586 0.47606268 0.65616221 0.31221175 0.91409517 0.72488801 0.81696375 1.00513528 1.01313721 0.97149036 1.05127981 1.19857939 0.96672578 0.57537885
0.03098578 0.96573629 0.07985043 0.19626449 0.00000000 0.63779647 0.50457146 0.33025365 0.89237111 0.36951248 0.38153436 0.27002472 0.49138096 0.50235278 1.21457011 1.08409300 0.45941362 0.59167394 0.28404589 0.86382387 0.75037723 0.79075980 1.00686563 1.00608713 0.87861114 1.05852134 1.17295632 0.90587195 0.66770484
0.04942473 1.00604951 0.10976148 0.25042254 0.00000000 0.68916338 0.52805372 0.34611926 0.96368884 0.39105256 0.40732191 0.31887362 0.52669746 0.51907161 1.28461329 1.13846065 0.50134361 0.63219677 0.29463751 0.92929440 0.76869050 0.83532885 1.06861741 1.06316674 0.93365806 1.11195198 1.22976731 0.96695851 0.65806727
0.08411240 0.84292638 0.13026316 0.32664158 0.20991602 0.73831027 0.44982578 0.29064684 1.03273088 0.31941249 0.53120296 0.41017735 0.47049688 0.48411017 1.22438151 1.10535488 0.47733885 0.68928527 0.29392306 0.93600558 0.60503274 0.80994504 0.94742841 0.92770846 0.96532981 0.99983327 1.08093273 0.92695401 0.41660928
0.05002671 1.00164701 0.11150685 0.25635240 0.00000000 0.68248398 0.52358671 0.34170240 0.95819981 0.38709834 0.40602144 0.31460912 0.52368534 0.51603676 1.28005877 1.12783805 0.49593048 0.62804082 0.29294005 0.92333340 0.76222281 0.83143304 1.05990919 1.05509615 0.92578847 1.10720928 1.21847775 0.95728501 0.65650694
0.07519580 0.78174486 0.10991165 0.26047413 0.15032135 0.70767883 0.43298049 0.29067080 0.96466971 0.31381306 0.48002131 0.40205081 0.44383033 0.44843239 1.12626017 1.05758252 0.46585115 0.64317963 0.27386377 0.87962571 0.57975026 0.74967243 0.90642448 0.88700247 0.91640591 0.92547635 1.04207179 0.89658658 0.37447768
0.03280187 0.87317015 0.02316122 0.10498476 0.02906123 0.73255736 0.49825780 0.34466152 0.98800633 0.34917914 0.47541764 0.34773156 0.45890351 0.49380743 1.19654515 1.17709237 0.45211463 0.65955651 0.32377642 0.89266683 0.69319232 0.79629103 0.95367682 0.97956918 0.98613422 1.00531041 1.17318223 0.95931334 0.52404605
0.08614556 0.84413789 0.13396915 0.33664720 0.21885568 0.73828265 0.44868102 0.28849943 1.03640224 0.31798767 0.53418780 0.41083759 0.47142101 0.48411046 1.22923428 1.10319305 0.47630411 0.69081484 0.29438752 0.93804371 0.60199387 0.81223130 0.94609270 0.92689575 0.96542451 1.00235217 1.07766180 0.92510095 0.41571170
0.05442593 0.99391250 0.12400379 0.27688550 0.00000000 0.67127412 0.51562921 0.33452829 0.94552732 0.38394067 0.39700957 0.31482304 0.52261152 0.50884042 1.26799962 1.10473367 0.49655301 0.61861590 0.28379437 0.91635718 0.75107697 0.82224165 1.05477805 1.04400440 0.90764568 1.09751039 1.20074522 0.94431306 0.64672735
0.06231728 0.80922314 0.08624049 0.23607831 0.17385191 0.73112939 0.44296284 0.29389543 0.99902898 0.31115283 0.53184523 0.39215365 0.44307814 0.48520273 1.17250220 1.11336782 0.46180046 0.68162888 0.29432940 0.90409354 0.60928758 0.78576024 0.92109051 0.89915668 0.96173250 0.96042746 1.07387794 0.91669964 0.41279957
0.12379107 0.90655832 0.21505008 0.57062442 0.47664673 0.78834053 0.42947228 0.23840787 1.17818007 0.28560915 0.69398294 0.44626762 0.50024365 0.54825626 1.40472461 1.13809240 0.48474970 0.79994899 0.31653750 1.04688989 0.57364759 0.92238284 0.97368750 0.92387702 1.03878105 1.10866991 1.05322740 0.93042668 0.41574587
0.09196260 0.82148026 0.13521125 0.32654850 0.18093218 0.71570386 0.44745369 0.29357689 1.00619347 0.32158284 0.47900840 0.40720335 0.46871951 0.44549867 1.18876342 1.06117013 0.46405950 0.64942647 0.28758141 0.90562507 0.57958171 0.77781056 0.91820486 0.92310418 0.92963415 0.97201639 1.05603593 0.90656285 0.39563759
0.01428505 1.03393593 0.02971535 0.13397271 0.11592911 0.88790035 0.55500075 0.37014148 1.16881776 0.38603474 0.69312299 0.41312668 0.51979826 0.67865188 1.42626045 1.44269189 0.57354880 0.86302340 0.36052625 1.09812259 0.85644728 0.98240134 1.18196204 1.09876534 1.20048733 1.19743111 1.38567718 1.13917974 0.63189950
0.05638091 0.88161527 0.07534750 0.25887722 0.24395753 0.77869124 0.46644854 0.29802429 1.08757357 0.31218438 0.62221583 0.38809904 0.46181392 0.54671187 1.29385472 1.20628824 0.46303891 0.75451998 0.33262281 0.97009509 0.65570212 0.86725134 0.96220436 0.94260807 1.04594535 1.05116036 1.13443379 0.95957106 0.48173110
0.07525304 0.69332079 0.09885583 0.18486818 0.05401313 0.67783437 0.41685062 0.30092080 0.88032189 0.31891138 0.38720506 0.41916344 0.42017158 0.38290948 0.98620094 0.99018814 0.47013237 0.57361370 0.24113590 0.81279567 0.53780309 0.66091123 0.86616001 0.85033469 0.85088725 0.81970085 1.00048623 0.87473263 0.28615629
0.08306201 0.82955778 0.12771925 0.31758742 0.20346848 0.73221862 0.44492592 0.28897336 1.02024992 0.31688171 0.52366837 0.40920599 0.46466986 0.47727967 1.20545848 1.09449609 0.47462933 0.68129538 0.28963887 0.92534492 0.59773226 0.79840784 0.93791214 0.91727977 0.95544233 0.98460008 1.07028950 0.91941380 0.40607234
0.08328347 0.71131790 0.11269141 0.20421886 0.04436327 0.68943647 0.42891615 0.31043292 0.89677093 0.33195079 0.37660413 0.43427279 0.43685330 0.38105638 1.00605603 1.00044290 0.48628564 0.57592133 0.24216922 0.83065687 0.54648661 0.67063434 0.89066038 0.87811497 0.86038794 0.83830825 1.02356742 0.89569707 0.28750681
0.07333003 0.85142684 0.10965270 0.28229253 0.17205693 0.73877161 0.46026662 0.30195592 1.02420733 0.32658370 0.52174451 0.39883448 0.46931793 0.48906391 1.22033755 1.12288113 0.47578282 0.68556753 0.29901255 0.93011630 0.62624426 0.80908661 0.95407755 0.93990046 0.97124142 1.00308738 1.10317625 0.93638427 0.43991763
0.02848632 0.99006854 0.06783142 0.16234483 0.00000000 0.68591688 0.53110606 0.35636432 0.93729549 0.39106546 0.40127051 0.30091160 0.50874564 0.52288932 1.24882201 1.15632863 0.49114241 0.62516117 0.29844479 0.90565131 0.78572188 0.81941635 1.05698540 1.05396493 0.93624583 1.08897231 1.24120066 0.96799830 0.67020340
0.08555670 0.84220363 0.13278402 0.33403612 0.21810354 0.73777913 0.44799440 0.28829185 1.03484086 0.31744645 0.53412751 0.41044028 0.47023889 0.48380428 1.22666324 1.10266244 0.47575501 0.69032125 0.29406652 0.93663140 0.60142140 0.81091573 0.94471312 0.92517474 0.96475426 1.00024216 1.07651533 0.92425251 0.41461435
0.05740387 0.99917011 0.11777096 0.25961955 0.00000000 0.66578145 0.52978035 0.34962762 0.94159373 0.39562585 0.35615530 0.31110355 0.53020056 0.48577747 1.26422840 1.09786471 0.48847634 0.59451189 0.29048716 0.90426531 0.75144717 0.81145178 1.04711051 1.06728482 0.90006673 1.09814851 1.21231605 0.94853593 0.65356404
0.05082814 1.00063623 0.11391321 0.26027403 0.00000000 0.68236460 0.52233154 0.34054408 0.95781366 0.38668071 0.40680844 0.31611003 0.52379309 0.51617253 1.27922762 1.12611875 0.49743552 0.62847895 0.29147072 0.92406229 0.76094821 0.83115290 1.06078757 1.05361222 0.92472397 1.10635070 1.21675082 0.95676468 0.65401061
0.04847963 1.00709018 0.11072333 0.24861496 0.00000000 0.68167957 0.52803272 0.34630936 0.95294233 0.39257590 0.39653219 0.31385415 0.52688540 0.51631680 1.27794776 1.13024897 0.50104128 0.62415454 0.29116604 0.92315471 0.77082061 0.83014416 1.06898631 1.06299825 0.92408576 1.10948272 1.22828754 0.96255757 0.66359369
0.07702831 0.69266159 0.10674874 0.19729112 0.05798505 0.67512674 0.41324548 0.29715117 0.87620185 0.31815678 0.38770757 0.42128475 0.42097620 0.38427908 0.98373155 0.98344267 0.47499254 0.57354561 0.23565371 0.81414212 0.53628112 0.65997613 0.87055955 0.84630347 0.84523650 0.81834034 0.99582621 0.87201208 0.28299851
0.08203693 0.82923486 0.12623803 0.31456110 0.20225788 0.73209626 0.44476548 0.28898553 1.01913603 0.31666117 0.52449487 0.40831625 0.46385586 0.47832940 1.20438186 1.09548241 0.47453219 0.68167453 0.28956307 0.92479187 0.59884341 0.79823479 0.93802611 0.91647427 0.95567955 0.98401406 1.07071576 0.91936453 0.40705611
0.07894490 0.68972436 0.11401648 0.21263576 0.07030156 0.67070327 0.40720671 0.29063864 0.87292389 0.31408238 0.39194876 0.42102189 0.41950996 0.38523435 0.98201903 0.97384941 0.47512791 0.57397902 0.23135345 0.81357683 0.53056783 0.65911617 0.86838776 0.83745539 0.83872493 0.81580616 0.98493285 0.86438955 0.27902753
0.04144083 0.84301665 0.02287667 0.11063880 0.04019576 0.71898347 0.48970857 0.34077645 0.98080958 0.34036477 0.45190671 0.34722274 0.45005721 0.45981202 1.17208875 1.14152766 0.42790962 0.63527813 0.32618390 0.86746380 0.65470462 0.77262962 0.90765184 0.96230488 0.96541193 0.97732966 1.13607071 0.93484356 0.49135572
0.08456609 0.83125674 0.12997807 0.32319632 0.20729667 0.73311789 0.44533972 0.28873360 1.02353766 0.31700056 0.52440346 0.41040270 0.46614079 0.47689183 1.20936050 1.09437791 0.47467512 0.68214911 0.29037002 0.92737042 0.59662503 0.80019791 0.93826709 0.91888416 0.95645057 0.98709331 1.07025413 0.91991216 0.40573369
0.07013933 0.91368316 0.11372998 0.31771591 0.19586026 0.73967992 0.47492579 0.29992323 1.05386613 0.32909464 0.54909700 0.37236324 0.48589108 0.52112967 1.29658472 1.14896008 0.46775443 0.70722501 0.31593884 0.95560781 0.66033582 0.85330745 0.97752408 0.96915176 0.99185413 1.06747135 1.13091622 0.94126114 0.51572925
0.02091382 1.04703815 0.09599976 0.23141100 0.03476998 0.75709510 0.52454103 0.33421185 1.01856677 0.38404876 0.56485508 0.33956547 0.52328531 0.63966173 1.35201889 1.26705676 0.56102119 0.75228545 0.29562081 1.01587279 0.84626340 0.91585805 1.16879196 1.05772946 1.03129968 1.16769479 1.29977303 1.03057488 0.69548594
0.08844442 0.83095946 0.13668766 0.33101623 0.20120334 0.73246309 0.44670442 0.29063858 1.02222537 0.32053750 0.51383726 0.41573618 0.47013061 0.47061257 1.20664571 1.08839916 0.47914307 0.67676347 0.28752957 0.92778162 0.59400270 0.79678453 0.94167502 0.92360740 0.95189965 0.98583108 1.07090206 0.92197284 0.39970151
0.03954276 0.88080943 0.03795774 0.13566961 0.04303770 0.73165405 0.49757962 0.34108975 0.99482038 0.34967560 0.47550689 0.35174322 0.46557580 0.49293369 1.20913872 1.16958107 0.45551514 0.66053200 0.32187239 0.89992533 0.68915304 0.80166627 0.95876007 0.98345018 0.98322215 1.01440310 1.16977208 0.95795764 0.52372158
0.03251402 0.96020564 0.08201197 0.20610136 0.00000000 0.64103255 0.49920372 0.32471604 0.89941002 0.36366982 0.39601946 0.27326543 0.48822727 0.50523874 1.21773667 1.08441808 0.45739425 0.59942250 0.28484816 0.86724329 0.74267685 0.79399748 1.00128877 0.99715156 0.88276115 1.05685571 1.16406742 0.90258069 0.65870466
0.04943916 0.85240620 0.03804609 0.14166982 0.05323800 0.72146523 0.49154465 0.33958870 0.99230573 0.34284579 0.45089047 0.35434757 0.45897696 0.45777144 1.18812186 1.13751451 0.43273129 0.63712812 0.32597140 0.87756709 0.65114113 0.77963010 0.91482501 0.97113475 0.96611040 0.98892516 1.13686690 0.93780561 0.48969524
0.06322932 0.82308932 0.08636858 0.23994163 0.17700163 0.74037349 0.45032779 0.29835508 1.01459332 0.31536819 0.53846538 0.39495789 0.44976220 0.49127116 1.19260341 1.12883667 0.46501463 0.69028007 0.30060967 0.91603371 0.61791164 0.79797907 0.93155935 0.91345793 0.97546732 0.97657210 1.08902332 0.92831978 0.42266428
0.05728491 0.76093741 0.08734283 0.18236311 0.11338272 0.74594529 0.43418054 0.30356322 0.95977097 0.32352362 0.51355917 0.43480214 0.43466930 0.48174924 1.09000191 1.11802233 0.51333363 0.67786306 0.26127451 0.90137134 0.61361063 0.74998787 0.95719641 0.88391548 0.95349217 0.90361429 1.08628517 0.94484672 0.34497519
0.09118124 0.93048294 0.15557169 0.40049666 0.23225733 0.74324194 0.47482150 0.29345917 1.07738029 0.33304818 0.54664268 0.39231298 0.50601396 0.51456504 1.32867475 1.13155984 0.48153550 0.71041851 0.31092204 0.97858723 0.64627472 0.86653358 0.99358248 0.98373655 0.98794736 1.08952677 1.12503845 0.94432341 0.50335559
0.05773924 0.86025211 0.05601187 0.17852658 0.07237618 0.72263372 0.49031910 0.33521302 1.00234424 0.34323510 0.45374708 0.36157679 0.46678446 0.45762630 1.20317586 1.13056651 0.43835977 0.64053088 0.32358212 0.88805117 0.64581431 0.78674562 0.92197727 0.97524234 0.96479699 0.99925350 1.13323542 0.93787541 0.48621164
0.08196283 0.68696051 0.11687404 0.21812513 0.07067337 0.66858271 0.40706024 0.29086837 0.87279573 0.31427240 0.38480866 0.42246767 0.42043475 0.37813249 0.97998021 0.96682568 0.47274032 0.56872158 0.23139266 0.81078916 0.52432519 0.65559779 0.86311694 0.83794447 0.83459002 0.81320190 0.98036088 0.86172565 0.27368632
0.08587347 0.89633481 0.13753081 0.36871546 0.26012953 0.76192011 0.46361658 0.28953717 1.08768530 0.32093593 0.58173700 0.40711180 0.48822446 0.52038388 1.30852150 1.15099136 0.48005166 0.73082551 0.31424964 0.97982184 0.63154837 0.86300627 0.97718458 0.95779340 1.00907704 1.06392064 1.11394650 0.94874347 0.46407662
0.03323014 0.87301998 0.02371701 0.10607002 0.02955636 0.73260606 0.49824610 0.34464532 0.98837633 0.34922217 0.47502747 0.34818064 0.45913920 0.49324564 1.19669492 1.17658663 0.45212461 0.65933352 0.32377086 0.89277382 0.69255552 0.79619174 0.95345142 0.97973537 0.98597625 1.00527850 1.17284314 0.95927632 0.52332286
0.08180684 0.82839205 0.12585207 0.31316819 0.20075353 0.73162729 0.44460826 0.28911503 1.01787133 0.31672637 0.52350235 0.40818593 0.46349323 0.47785851 1.20270456 1.09488225 0.47456423 0.68090052 0.28916383 0.92391908 0.59875646 0.79724941 0.93771571 0.91601214 0.95489989 0.98286576 1.07042885 0.91908141 0.40657939
0.07124120 0.67293479 0.09510429 0.17553857 0.05659903 0.66628435 0.40425480 0.29221576 0.85950551 0.30986764 0.38843725 0.41305567 0.40752475 0.38056749 0.95917520 0.97326228 0.46441898 0.56734452 0.23310274 0.79716519 0.52738136 0.64662930 0.85070727 0.82502174 0.83540555 0.79714121 0.97808345 0.85737586 0.27435426
0.07966950 0.82584843 0.11869634 0.30127374 0.19782496 0.73231036 0.44569983 0.29095362 1.01820139 0.31601669 0.52350344 0.40564349 0.46090580 0.47656627 1.20064891 1.09820345 0.46988154 0.68022171 0.29245654 0.92060559 0.59860351 0.79595062 0.93199185 0.91553795 0.95744502 0.98058986 1.07110595 0.91892664 0.40734533
0.04587968 1.00441629 0.10565560 0.23939157 0.00000000 0.68210352 0.52729326 0.34630956 0.95129309 0.39123902 0.39974689 0.31194544 0.52389395 0.51821992 1.27471161 1.13325725 0.49938156 0.62552163 0.29192348 0.92123927 0.77196265 0.82938015 1.06676749 1.05990808 0.92574470 1.10677332 1.22822271 0.96211775 0.66406944
0.08390599 0.77385161 0.11617865 0.26842193 0.13341241 0.69640933 0.43594848 0.29562708 0.95674766 0.31814609 0.44266540 0.40317947 0.44786740 0.41990233 1.11354876 1.03122903 0.45685387 0.61713781 0.27361169 0.86441272 0.56243720 0.73278336 0.88877586 0.89356011 0.89734817 0.91491422 1.03079756 0.88783189 0.36190169
0.04801371 1.00682608 0.10991239 0.24782096 0.00000000 0.68242641 0.52765686 0.34590153 0.95380009 0.39192503 0.39908029 0.31375536 0.52625714 0.51758065 1.27853670 1.13169136 0.50079914 0.62570144 0.29156739 0.92370063 0.77100792 0.83096125 1.06877312 1.06208292 0.92541267 1.10962113 1.22821772 0.96267066 0.66362353
0.05102837 1.01008188 0.11318410 0.25445825 0.00000000 0.68469890 0.53044929 0.34796672 0.95952127 0.39422211 0.39557219 0.31705099 0.53007370 0.51442542 1.28430437 1.13214819 0.50162513 0.62498927 0.29331436 0.92679871 0.76975662 0.83281991 1.07025604 1.06846978 0.92733644 1.11374945 1.23111802 0.96590662 0.66241930
0.01989541 1.00942522 0.04387094 0.17505632 0.17461624 0.87526507 0.53015595 0.34566847 1.16379344 0.36430556 0.71718202 0.41117602 0.50604568 0.67687343 1.41570751 1.41088207 0.56048901 0.86675616 0.35274270 1.08979354 0.82356764 0.97640591 1.15243524 1.05705308 1.18363326 1.17871401 1.33605712 1.10653165 0.60571800
0.07883604 0.69804293 0.10968855 0.20270386 0.04828779 0.66760892 0.41594357 0.29866879 0.87116176 0.32074984 0.37308729 0.41583976 0.42431781 0.37755447 0.98484918 0.97377660 0.47120530 0.56342688 0.23558812 0.80896867 0.53613939 0.65692897 0.86814145 0.85179741 0.83639130 0.82114898 0.99489806 0.86755040 0.29095587
0.07325083 0.78558467 0.09984333 0.24450939 0.14892678 0.71899857 0.43991440 0.29744488 0.97860394 0.31645237 0.48662145 0.40494161 0.44501292 0.45110335 1.13626123 1.07663992 0.46450940 0.65069187 0.28276090 0.88577538 0.58516742 0.75658007 0.90785990 0.89697720 0.93300732 0.93213660 1.05574941 0.90835700 0.37696712
0.06860406 0.68145146 0.08911936 0.16362934 0.04435274 0.66941136 0.41091059 0.29796997 0.86248257 0.31431447 0.38581709 0.41043666 0.41033023 0.38328333 0.96566385 0.98371754 0.46497925 0.56817509 0.23714874 0.79944113 0.53722514 0.65057148 0.85670649 0.83545932 0.84167862 0.80461372 0.99112718 0.86474063 0.28584677
0.03173985 0.95068914 0.07099461 0.17797651 0.00000000 0.62224282 0.50481044 0.33421473 0.87490466 0.36912129 0.34873144 0.26030765 0.48594127 0.47703502 1.19087369 1.06037879 0.44133859 0.56478038 0.28580348 0.83820592 0.73541075 0.76929779 0.97830543 1.00211085 0.85873419 1.03938181 1.15761047 0.89034817 0.66110223
0.09060590 0.84746502 0.14243701 0.35489071 0.22829483 0.73788866 0.44818317 0.28645193 1.04125923 0.31792816 0.53381899 0.41357173 0.47509687 0.48215959 1.23643210 1.09810940 0.47713952 0.69088623 0.29390055 0.94175335 0.59784698 0.81487428 0.94699967 0.92889593 0.96379266 1.00693365 1.07448875 0.92380783 0.41384536
0.07241515 0.70867721 0.10748671 0.19838778 0.06511133 0.68789458 0.41609269 0.29697392 0.88742655 0.32052840 0.41324267 0.42493560 0.42493173 0.40839841 1.00257586 1.00918879 0.48983598 0.59546100 0.23548519 0.83385122 0.55663472 0.67817774 0.89737461 0.85296393 0.86363217 0.83591089 1.01589735 0.88767286 0.29753493
0.11475963 0.85857812 0.19096796 0.44833247 0.26516552 0.73408210 0.44403825 0.27674136 1.05682762 0.32046012 0.52231744 0.43350003 0.49464909 0.46828571 1.25995485 1.06536456 0.48970116 0.68591159 0.28414093 0.95871064 0.57558125 0.82088048 0.95746833 0.93781101 0.94801157 1.02196024 1.05749091 0.91864410 0.39454182
0.08322199 0.84224394 0.12954051 0.32761446 0.21566218 0.73775295 0.44785680 0.28835963 1.03285597 0.31705680 0.53647640 0.40836125 0.46866996 0.48667581 1.22521337 1.10547614 0.47569361 0.69163382 0.29407507 0.93592409 0.60444401 0.81116014 0.94554848 0.92383046 0.96576547 0.99975006 1.07804816 0.92448362 0.41758244
0.01835966 1.01280348 0.04098291 0.16885963 0.17265511 0.88100199 0.53294537 0.34826864 1.16867747 0.36622309 0.72216890 0.41343956 0.50721492 0.68158144 1.42011878 1.42113514 0.56398526 0.87221150 0.35460519 1.09486346 0.82935972 0.98070649 1.15879480 1.06159952 1.19135388 1.18276656 1.34458002 1.11367218 0.60815770
0.03929267 1.07634002 0.11048918 0.23281311 0.00000000 0.72123331 0.56271744 0.37157720 0.98778556 0.42395169 0.41870981 0.32753285 0.55808494 0.56602306 1.34072808 1.21204153 0.55023689 0.66442499 0.29784956 0.97991420 0.84714557 0.87907477 1.16368957 1.13014440 0.97776623 1.17620362 1.32450700 1.03161047 0.72389101
0.09781603 1.02505725 0.19184836 0.47797120 0.29222967 0.81557540 0.50353656 0.30162521 1.17621496 0.35586731 0.64136954 0.43460349 0.55237544 0.59732291 1.46281122 1.24153508 0.55038833 0.80531293 0.32316896 1.09199500 0.71766320 0.96444067 1.11786335 1.05509372 1.08219642 1.20058952 1.22425679 1.03117846 0.55356046
0.06326320 0.92766880 0.09480730 0.28474756 0.21274234 0.78963038 0.48970722 0.31389288 1.10466015 0.33605890 0.60263138 0.39785906 0.49097768 0.55411753 1.33339381 1.22562270 0.48927118 0.75675826 0.33334124 0.99781062 0.68751620 0.88808908 1.01259796 0.99320312 1.05714311 1.09325527 1.18157811 0.99179614 0.51379385
0.01260210 1.00726005 0.02893961 0.14438595 0.16214736 0.88151277 0.53329544 0.35073788 1.16312936 0.36551029 0.72319242 0.40948861 0.50167181 0.68324515 1.41066703 1.42748453 0.56106555 0.87200177 0.35616591 1.08919703 0.83318198 0.97697091 1.15492100 1.05807274 1.19382593 1.17604734 1.34727029 1.11440372 0.60964511
0.06296246 0.67082549 0.07402835 0.13019444 0.02407913 0.66894341 0.41252066 0.30350568 0.85330898 0.31520409 0.37765802 0.40746365 0.40395430 0.37829195 0.94816091 0.98741469 0.46059535 0.56191176 0.23886052 0.78872763 0.53845085 0.64081428 0.84857299 0.83301497 0.84148832 0.79177911 0.99359982 0.86570923 0.28229726
0.09265224 0.97299124 0.17166130 0.41128052 0.16281549 0.72640334 0.49512313 0.30815785 1.05546889 0.35781653 0.49321516 0.38065095 0.53015424 0.51089353 1.33989916 1.12099221 0.49905728 0.68420067 0.30188603 0.97906566 0.68055269 0.86640180 1.03378680 1.02593483 0.96561758 1.11680055 1.15980097 0.95544687 0.55193320
0.04993604 0.85005783 0.03888225 0.14323366 0.05480209 0.72027821 0.49016191 0.33855297 0.99095196 0.34191990 0.45030559 0.35453439 0.45815046 0.45639351 1.18578984 1.13459283 0.43204389 0.63603094 0.32514908 0.87616256 0.64867565 0.77801369 0.91265175 0.96877904 0.96411787 0.98661698 1.13368841 0.93577300 0.48709455
0.06043607 0.82290162 0.08164603 0.23293600 0.17306643 0.73504971 0.44957445 0.29748739 1.00862596 0.31364507 0.53645622 0.38730539 0.44684674 0.49120510 1.18960224 1.12578834 0.45929978 0.68677129 0.30130732 0.90991624 0.61897603 0.79572854 0.92595739 0.91011641 0.97143065 0.97489369 1.08596819 0.92263006 0.42962471
0.02793966 0.96113220 0.07319685 0.18412907 0.00000000 0.63882930 0.50348923 0.33037442 0.89078403 0.36765717 0.38560565 0.26838457 0.48732075 0.50399590 1.20976959 1.08788813 0.45708935 0.59337410 0.28520926 0.86123276 0.75075137 0.78932277 1.00311169 1.00183451 0.88105023 1.05415467 1.17235444 0.90543979 0.66648488
0.01620012 0.94325370 0.04739408 0.13837220 0.00000000 0.64328836 0.49880506 0.33012929 0.88603376 0.35963721 0.40374287 0.26193645 0.47123720 0.51110462 1.19256979 1.10311789 0.44738352 0.60126513 0.29025291 0.85180766 0.75155802 0.78473693 0.98774199 0.98448168 0.89146075 1.03777707 1.16915463 0.90331109 0.66162266
0.08269665 0.84236141 0.12883249 0.32622754 0.21512411 0.73777547 0.44786100 0.28838606 1.03246910 0.31699304 0.53704495 0.40788721 0.46836055 0.48738163 1.22501089 1.10617904 0.47571102 0.69197751 0.29409413 0.93583545 0.60519872 0.81129318 0.94582676 0.92360340 0.96604531 0.99975045 1.07847787 0.92458623 0.41835250
0.06956975 0.77616047 0.09828665 0.23413905 0.14029640 0.71475030 0.43449049 0.29485302 0.96385084 0.31483281 0.48585234 0.40442823 0.43958216 0.45332086 1.11818229 1.07175211 0.46910988 0.64848566 0.27515909 0.87988132 0.58619236 0.74862163 0.90960003 0.88618120 0.92542603 0.91981369 1.05085716 0.90472571 0.37142276
0.17675605 0.87058614 0.32089296 0.61886144 0.19106097 0.71140411 0.45480837 0.29011705 1.02536966 0.37126002 0.37241544 0.51007809 0.56126382 0.39009500 1.22965082 0.95670146 0.57213828 0.60964876 0.22468877 0.97488848 0.54318656 0.77789929 1.03244350 1.00056231 0.86175281 1.01599602 1.05770359 0.93873333 0.31891788
0.06657346 0.76962274 0.08724453 0.21322903 0.13161293 0.71577668 0.43625165 0.29872161 0.96231638 0.31465067 0.48225651 0.40228372 0.43547552 0.44899406 1.11065325 1.07556840 0.46314832 0.64534892 0.27913480 0.87343645 0.58499126 0.74388068 0.90076846 0.88554266 0.92794173 0.91315748 1.05192517 0.90523703 0.36897678
0.02273803 0.95769944 0.06249937 0.16422026 0.00000000 0.63878554 0.50368507 0.33183882 0.88685271 0.36632737 0.38815260 0.26336472 0.48238953 0.50638699 1.20392967 1.09356779 0.45310200 0.59389835 0.28737032 0.85647890 0.75428481 0.78738389 0.99886813 0.99848185 0.88356250 1.04995806 1.17412232 0.90500099 0.67016056
0.06458969 0.66322108 0.07998975 0.13708791 0.01797224 0.65694104 0.40706650 0.29951929 0.83737244 0.31354834 0.36413978 0.40420449 0.40171543 0.37016547 0.93274568 0.96718756 0.45899002 0.54962240 0.23141757 0.77801069 0.53097779 0.62950555 0.84203879 0.82419935 0.82369455 0.78075921 0.97993559 0.85385876 0.27706005
0.12100869 0.87554728 0.20587019 0.47326961 0.25636704 0.73074451 0.45037966 0.27958420 1.05874530 0.32840669 0.50670532 0.43516959 0.50698270 0.46482650 1.27345878 1.05844430 0.49679678 0.67942208 0.28167613 0.96501297 0.58092963 0.82501170 0.97155403 0.95453029 0.94177270 1.03648452 1.06591638 0.92266834 0.40544716
0.08037658 0.83822509 0.12112689 0.31261984 0.21079226 0.73784986 0.44857785 0.29028904 1.03129890 0.31616197 0.53581532 0.40528453 0.46512382 0.48513674 1.22055934 1.10844627 0.47074433 0.69021389 0.29696738 0.93118974 0.60433903 0.80851839 0.93903826 0.92219061 0.96753836 0.99561069 1.07825055 0.92380150 0.41787907
0.04950872 0.97589471 0.10157054 0.24409028 0.00415483 0.69789767 0.51445355 0.33708254 0.97337618 0.37619991 0.43522888 0.32791871 0.51148858 0.51772012 1.27146274 1.14021556 0.49172361 0.64478642 0.29786058 0.92652309 0.74472904 0.83120970 1.04276733 1.03559002 0.94336997 1.09041301 1.20563097 0.95890198 0.62281195
0.07766528 0.78346076 0.11397343 0.26670952 0.15509220 0.71487981 0.43455226 0.29207143 0.97294829 0.31588208 0.48437584 0.41023923 0.44721587 0.45023151 1.13179302 1.06392836 0.47228825 0.64884329 0.27406555 0.88771097 0.58030583 0.75389445 0.91377561 0.89176188 0.92319222 0.92912962 1.04753766 0.90428878 0.36867794
0.04954222 1.01293729 0.11321587 0.25564223 0.00000000 0.68770996 0.52969061 0.34641609 0.96240350 0.39328129 0.40518504 0.31744958 0.52984184 0.52170250 1.28891317 1.13833701 0.50456821 0.63189290 0.29313579 0.93167576 0.77387383 0.83777622 1.07563463 1.06737431 0.93209228 1.11745797 1.23390992 0.96830688 0.66543171
0.04752470 1.00583836 0.10669385 0.24342651 0.00000000 0.68259205 0.52840729 0.34682005 0.95496589 0.39146139 0.39852817 0.31235790 0.52528636 0.51595553 1.27865003 1.13262928 0.49743690 0.62488761 0.29385239 0.92193262 0.76990988 0.83048333 1.06467956 1.06232554 0.92660426 1.10903490 1.22792024 0.96210233 0.66395121
0.06606350 0.77272933 0.08982338 0.21764093 0.13384566 0.71594179 0.43539262 0.29708871 0.96189432 0.31455748 0.48647803 0.40221262 0.43622751 0.45378523 1.11316838 1.07689745 0.46653486 0.64852520 0.27723396 0.87651376 0.58831500 0.74662026 0.90633753 0.88495188 0.92827137 0.91600386 1.05327018 0.90591555 0.37212205
0.05886407 0.75999021 0.07593933 0.18114078 0.10923408 0.71637116 0.43525268 0.30198984 0.94773248 0.31615956 0.48039450 0.40198455 0.42902592 0.45286519 1.08940845 1.08213263 0.46903207 0.64439035 0.27435743 0.86725046 0.59311886 0.73554231 0.90550695 0.87980234 0.92726248 0.89983470 1.05768754 0.90934010 0.36592039
0.05036565 0.99340524 0.09909694 0.22617783 0.00000000 0.66499883 0.53224714 0.35418377 0.93701836 0.39440329 0.35399998 0.30234195 0.52312429 0.48394185 1.25558897 1.10503367 0.47793917 0.59115133 0.29673482 0.89402964 0.75420355 0.80663617 1.03500240 1.06522223 0.90349638 1.09134287 1.21482933 0.94723089 0.65897066
0.07735796 0.68215784 0.10472983 0.19895034 0.06002672 0.65845848 0.40663572 0.29137760 0.86180658 0.31121759 0.37545843 0.40853501 0.41390195 0.37177010 0.97040888 0.95933515 0.45802447 0.55799091 0.23487181 0.79528489 0.52198692 0.64752515 0.84563278 0.83223387 0.82646795 0.80587752 0.97287857 0.85032115 0.28208538
0.11688946 0.87630017 0.19033919 0.45067771 0.27227392 0.75569091 0.45609481 0.28558353 1.08675784 0.32791253 0.53695938 0.44546745 0.50514950 0.47819118 1.29028908 1.09640218 0.49899647 0.70409853 0.29455784 0.98172961 0.58799217 0.84079609 0.97656458 0.96127717 0.97629097 1.04508347 1.08473457 0.94344034 0.40056249
0.07843719 0.88878286 0.12758246 0.35781884 0.28247957 0.76464238 0.45476559 0.28103316 1.08837988 0.31029090 0.61160709 0.40148065 0.47689502 0.53599074 1.30706744 1.16086373 0.47546482 0.74628267 0.31529349 0.98054780 0.63231612 0.86826132 0.97107415 0.93836214 1.01739872 1.05947626 1.10562200 0.94280398 0.46476993
0.08101104 0.69181127 0.11484541 0.21361017 0.06122882 0.66677750 0.41046113 0.29366732 0.87102478 0.31686535 0.37851087 0.41897319 0.42223054 0.37714086 0.98175641 0.96756751 0.47162234 0.56526402 0.23267926 0.80922228 0.52866059 0.65558179 0.86462178 0.84340929 0.83355883 0.81644322 0.98518213 0.86280909 0.28141003
0.07949544 0.85213152 0.11962946 0.30746516 0.20001611 0.74640655 0.45765174 0.29757474 1.04063610 0.32354432 0.53608309 0.40834925 0.47229011 0.49117408 1.23422861 1.12496473 0.47817377 0.69589772 0.30071863 0.94149010 0.61799368 0.81756270 0.95495113 0.93903326 0.97917784 1.00934438 1.09864066 0.93856367 0.42921577
0.04815994 1.00485980 0.10237546 0.23599621 0.00000000 0.68512985 0.53199802 0.35099800 0.95914277 0.39323633 0.39347792 0.31347966 0.52597926 0.51066463 1.27938965 1.13557555 0.49404269 0.62239904 0.29810967 0.92054509 0.76819565 0.82936519 1.06019364 1.06750188 0.92999397 1.10877428 1.23111971 0.96507155 0.66196244
0.08173808 0.70357740 0.11851409 0.21692750 0.05135089 0.67012823 0.41655280 0.29808852 0.87457089 0.32320091 0.37445140 0.42129566 0.42922193 0.38049480 0.99091712 0.97440473 0.47924832 0.56667720 0.23260900 0.81648704 0.53859345 0.66102020 0.87894285 0.85620947 0.83725806 0.82690934 0.99876700 0.87205931 0.29040988
0.04201557 0.86763608 0.03611200 0.13595469 0.05713778 0.73407168 0.49336831 0.33890783 0.99965296 0.34475919 0.47958765 0.35647919 0.46091948 0.48605619 1.20340601 1.16594355 0.44941061 0.66091948 0.32421610 0.89676667 0.67533312 0.79754971 0.94437415 0.97502418 0.98479828 1.00478100 1.15837209 0.95384403 0.50640503
0.04766135 0.84356915 0.03619793 0.13770976 0.04969188 0.71043940 0.48582810 0.33540573 0.97767556 0.33862739 0.44404647 0.34671559 0.45296556 0.45278240 1.17344740 1.12283467 0.42596066 0.62794977 0.32207791 0.86503296 0.64503359 0.76982937 0.90316200 0.95920942 0.95266815 0.97751253 1.12315708 0.92474113 0.48825313
0.04711967 1.01242171 0.10977701 0.24871305 0.00000000 0.68759125 0.52935463 0.34642074 0.96005602 0.39276336 0.40749423 0.31539314 0.52800035 0.52443988 1.28677279 1.14095725 0.50444016 0.63307854 0.29302030 0.93065222 0.77666253 0.83765907 1.07614659 1.06558645 0.93291633 1.11638211 1.23510770 0.96834915 0.66793770
0.06012939 0.83981878 0.04783779 0.15748940 0.03046867 0.69301159 0.49050759 0.34068601 0.96854800 0.34444002 0.39449314 0.34482974 0.46070375 0.41642474 1.16417747 1.08577947 0.41268205 0.59323549 0.32233467 0.84634279 0.62374509 0.75090081 0.88120472 0.97034780 0.92586619 0.97001535 1.10821027 0.91104745 0.47937426
0.08820337 0.78995142 0.13499390 0.30768073 0.17029093 0.71289155 0.43354999 0.28827532 0.98014303 0.31741695 0.47847277 0.41802330 0.45635633 0.44408574 1.14364043 1.04985406 0.47718067 0.64621982 0.27042439 0.89514111 0.57138685 0.75710528 0.91849890 0.89707133 0.91636937 0.93717733 1.04105771 0.90213458 0.36240280
0.05420632 0.85369093 0.04815348 0.16203195 0.06212014 0.71819963 0.48930736 0.33614965 0.99322591 0.34207167 0.44820419 0.35634923 0.46188330 0.45441675 1.19151765 1.12755747 0.43340015 0.63475290 0.32342454 0.87889974 0.64515363 0.77971226 0.91433163 0.97030614 0.96020893 0.99071483 1.12998993 0.93344027 0.48636376
0.10493999 0.84170902 0.16394937 0.38191692 0.20268745 0.72355954 0.45111686 0.29158487 1.02712870 0.32762617 0.48261393 0.42264006 0.48603748 0.44876323 1.21923354 1.06035201 0.48005619 0.65821362 0.28481188 0.92930951 0.57983054 0.79388429 0.94165181 0.94046724 0.93445051 0.99580665 1.06381014 0.91728240 0.39481635
0.05122007 0.86532465 0.04738429 0.16135810 0.07160197 0.73317770 0.49263649 0.33734363 1.00828723 0.34411229 0.47209261 0.36293208 0.46531119 0.47355020 1.20916986 1.15319972 0.44556503 0.65553257 0.32565223 0.89757134 0.66014214 0.79614461 0.93536541 0.97736365 0.98055490 1.00538654 1.14821026 0.94970168 0.49375864
0.08176226 0.85471082 0.11314241 0.28632477 0.17108614 0.75756004 0.47159814 0.31375775 1.04958528 0.33594132 0.51556445 0.41917882 0.48011130 0.47937788 1.23427175 1.13835981 0.48334715 0.68950433 0.30712284 0.94432318 0.62292560 0.81490040 0.96152722 0.96295203 0.98947527 1.01135909 1.12090002 0.95828982 0.42352454
0.01804091 1.02056260 0.04049077 0.16589556 0.16283107 0.88308100 0.53819713 0.35260083 1.17083473 0.37082491 0.71761685 0.41350316 0.51139828 0.68266407 1.42569119 1.42677775 0.56704411 0.87185392 0.35606745 1.09803022 0.83651686 0.98362461 1.16632242 1.07127703 1.19438349 1.18942537 1.35479335 1.12000995 0.61567634
0.08467042 0.83274338 0.13029756 0.32407428 0.20762766 0.73376641 0.44592567 0.28899221 1.02474336 0.31738702 0.52500969 0.41056563 0.46683411 0.47761626 1.21127467 1.09555068 0.47513976 0.68292770 0.29074004 0.92852697 0.59754666 0.80137541 0.93951372 0.92013010 0.95744696 0.98871505 1.07156520 0.92084071 0.40689051
0.07758324 0.82693822 0.11625452 0.29719289 0.19790989 0.73284124 0.44544304 0.29050709 1.01767040 0.31535591 0.52776689 0.40377373 0.45970378 0.48052277 1.20131364 1.10171197 0.47008362 0.68289447 0.29267386 0.92122939 0.60181050 0.79760575 0.93356830 0.91430629 0.95936666 0.98154971 1.07274831 0.91936931 0.41088052
0.07700191 0.85003276 0.13011222 0.32697170 0.23956339 0.76169996 0.44519122 0.28440312 1.05075900 0.31556606 0.58486243 0.42252513 0.46845699 0.52193856 1.24175356 1.14368849 0.49973955 0.72961975 0.29132199 0.96527807 0.62458055 0.83405194 0.97945634 0.92103698 0.99583799 1.01285800 1.09834100 0.94690472 0.41772696
0.11512526 0.93547978 0.19685281 0.50223551 0.34406016 0.77536953 0.46424580 0.27554023 1.14313644 0.32153792 0.60755987 0.43161938 0.51864617 0.52729620 1.38555802 1.14304005 0.49526363 0.75501897 0.31616386 1.02735242 0.61698058 0.90266820 1.00317147 0.98069568 1.02136345 1.11651421 1.10997133 0.95560565 0.46212525
0.02672167 1.02901172 0.05884065 0.20321238 0.17902602 0.88224929 0.53753473 0.34869571 1.17916273 0.37180817 0.71636772 0.41942057 0.51974827 0.68038551 1.44006253 1.41712834 0.57154119 0.87233171 0.35359842 1.10668968 0.83079401 0.98938228 1.17231386 1.07641353 1.19059359 1.19965510 1.35060337 1.11879287 0.61353451
0.07726415 0.70194639 0.11155580 0.21128499 0.08156640 0.68810216 0.41287207 0.29392029 0.89382361 0.31670007 0.41470306 0.42864379 0.42400546 0.40121368 1.00385423 1.00177574 0.48422169 0.59454133 0.23742509 0.83289641 0.54336032 0.67673583 0.88582337 0.84832520 0.86264340 0.83244657 1.00459932 0.88240937 0.28530403
0.08545186 0.83893187 0.13163354 0.33307411 0.22174769 0.73778829 0.44646662 0.28722476 1.03504554 0.31570194 0.53621673 0.41047057 0.46839436 0.48315249 1.22483228 1.10185616 0.47386627 0.69077188 0.29445999 0.93537309 0.59863013 0.80996895 0.94097742 0.92193420 0.96487006 0.99767104 1.07325852 0.92244671 0.41154206
0.03099917 0.96569096 0.07987498 0.19629819 0.00000000 0.63773527 0.50454708 0.33023716 0.89230105 0.36950229 0.38145469 0.27000735 0.49136896 0.50229310 1.21449519 1.08398387 0.45938781 0.59160214 0.28401913 0.86376135 0.75032252 0.79069787 1.00680723 1.00604618 0.87852194 1.05846229 1.17287827 0.90580646 0.66766916
0.01893443 1.02077605 0.04175868 0.16844482 0.16375787 0.88314219 0.53833727 0.35261260 1.17171920 0.37102985 0.71676520 0.41427118 0.51209128 0.68166384 1.42650450 1.42584093 0.56710704 0.87142732 0.35611609 1.09842797 0.83551088 0.98368365 1.16616343 1.07196743 1.19410128 1.18984578 1.35438831 1.12002288 0.61476708
0.08360910 0.69443339 0.11594547 0.21590676 0.06486416 0.67585030 0.41446486 0.29738920 0.88312789 0.31974678 0.38159211 0.42702370 0.42617613 0.37698274 0.99011127 0.97697763 0.47544262 0.57059822 0.23623249 0.81728986 0.52900560 0.66064609 0.86948056 0.85170165 0.84355883 0.82171453 0.99318922 0.87239959 0.27641921
0.09035768 0.91711412 0.15019557 0.40916218 0.30822355 0.77618615 0.46337666 0.28179765 1.11990570 0.31661446 0.62002411 0.41260906 0.49570690 0.54144355 1.35169050 1.16973388 0.48489586 0.75896089 0.32082399 1.00721455 0.63614705 0.89181819 0.99168518 0.96299122 1.03143950 1.09334412 1.11994390 0.95648410 0.47463348
0.08286736 0.84222183 0.12904266 0.32662564 0.21529168 0.73774222 0.44782601 0.28836610 1.03253998 0.31699064 0.53682566 0.40804743 0.46842000 0.48709787 1.22496203 1.10588608 0.47567648 0.69182240 0.29407183 0.93579943 0.60488352 0.81117806 0.94565222 0.92360553 0.96590639 0.99964686 1.07825829 0.92450544 0.41800630
0.11123070 0.71633081 0.17000220 0.32545601 0.11070641 0.67370734 0.41364930 0.28778600 0.90909056 0.32354534 0.37184906 0.44672683 0.45141924 0.36393149 1.03040737 0.94587641 0.48673342 0.56816320 0.23027666 0.84078073 0.50757470 0.67466120 0.88265842 0.86883819 0.83152725 0.84927987 0.97951261 0.86898953 0.26461331
0.06884113 0.68328250 0.08513858 0.15514343 0.03930620 0.67679561 0.41615467 0.30362176 0.87046271 0.31791257 0.38498613 0.41513493 0.41275583 0.38217372 0.96985637 0.99392253 0.46669098 0.57056250 0.24142582 0.80350851 0.53993557 0.65306892 0.85965356 0.84415145 0.85057836 0.80769079 1.00091769 0.87393713 0.28417469
0.06973811 0.89983081 0.10648781 0.32500276 0.26854300 0.76790840 0.46421142 0.28885070 1.09383281 0.31227001 0.61497750 0.38800177 0.47504821 0.54226198 1.31829972 1.18111037 0.46455560 0.74927268 0.32771733 0.97834133 0.64700733 0.87534338 0.96772481 0.94874670 1.03068582 1.07002872 1.12203002 0.94844225 0.48963778
0.02784347 0.96120508 0.07318065 0.18409020 0.00000000 0.63878562 0.50342280 0.33029010 0.89065802 0.36761178 0.38582129 0.26827798 0.48726805 0.50423730 1.20976732 1.08795600 0.45716302 0.59349731 0.28513243 0.86126759 0.75092420 0.78939439 1.00326650 1.00170777 0.88103984 1.05419705 1.17237268 0.90540123 0.66668374
0.03308084 0.99428165 0.07125351 0.16702524 0.00000000 0.69408671 0.53747669 0.36244955 0.94908613 0.39670839 0.39591467 0.31031251 0.51553273 0.51802822 1.25715907 1.16278625 0.49567844 0.62594165 0.30190035 0.91302561 0.78543258 0.82269302 1.06268049 1.06731589 0.94383232 1.09500890 1.25107820 0.97888829 0.66474368
0.03045174 0.96492201 0.07868978 0.19409479 0.00000000 0.63793902 0.50439555 0.33029862 0.89201600 0.36921731 0.38213007 0.26973038 0.49067983 0.50259515 1.21365473 1.08470598 0.45902305 0.59189810 0.28422254 0.86332546 0.75045548 0.79045235 1.00622218 1.00536617 0.87897395 1.05772082 1.17286386 0.90579329 0.66749474
0.08117225 0.73429361 0.11309054 0.22784294 0.08102979 0.68903323 0.42840920 0.30144949 0.91484871 0.32396238 0.40670241 0.41837950 0.43813228 0.40018112 1.04458652 1.01056457 0.47423541 0.59312087 0.25218988 0.84171206 0.55393402 0.69424275 0.88938130 0.87768687 0.87197531 0.86596420 1.02256528 0.88837356 0.31925276
0.03098650 0.96564655 0.07984105 0.19624501 0.00000000 0.63773859 0.50452973 0.33022818 0.89229517 0.36948076 0.38148768 0.27000120 0.49133821 0.50229489 1.21446093 1.08399088 0.45936446 0.59161241 0.28402562 0.86374116 0.75030156 0.79068440 1.00676346 1.00600238 0.87853109 1.05842418 1.17284876 0.90578948 0.66763954
0.04795636 1.00863355 0.10877976 0.24572086 0.00000000 0.68394456 0.52954487 0.34760490 0.95586881 0.39315924 0.39828849 0.31411573 0.52729509 0.51746497 1.28070834 1.13445678 0.50090989 0.62601002 0.29298727 0.92474481 0.77254305 0.83205919 1.06986796 1.06526130 0.92761545 1.11155120 1.23146942 0.96503677 0.66509406
0.04652528 1.00848035 0.10265534 0.23269702 0.00000000 0.68894931 0.53349244 0.35245922 0.95943152 0.39572458 0.39707213 0.31615558 0.52758175 0.51680047 1.28066832 1.14301215 0.50131960 0.62705057 0.29630614 0.92569576 0.77564669 0.83243680 1.07092574 1.07067728 0.93408856 1.11173986 1.23923673 0.97165111 0.66457563
0.08879485 0.81396002 0.13107411 0.32282235 0.21661657 0.73950153 0.44152681 0.28870380 1.02838718 0.31479630 0.52521554 0.42340795 0.46300157 0.46773908 1.19789649 1.09181249 0.47574292 0.68248777 0.28980541 0.92671554 0.58180196 0.79339170 0.92932638 0.91239165 0.95889357 0.97330351 1.06180423 0.92155138 0.37807888
0.08004637 0.82981242 0.12306700 0.31115217 0.20138205 0.72764328 0.44390153 0.28766033 1.01518349 0.31481114 0.52401247 0.40175962 0.46164774 0.47872145 1.20357621 1.09274197 0.46941533 0.67941352 0.29038227 0.92034518 0.59936689 0.79728744 0.93319687 0.91353019 0.95254883 0.98367520 1.06756614 0.91414908 0.41335843
0.05651791 1.01779292 0.12685084 0.28238000 0.00000000 0.68380884 0.52943144 0.34417887 0.96488249 0.39455753 0.39728792 0.32030107 0.53599200 0.51563606 1.29585700 1.12607812 0.50586429 0.62699961 0.29081516 0.93407957 0.76766421 0.83839812 1.07679432 1.07136200 0.92476350 1.12253164 1.22859696 0.96484074 0.66349670
0.00643649 0.99732776 0.01595416 0.11872565 0.15065934 0.87636851 0.53105936 0.35126837 1.15117952 0.36259385 0.72005221 0.40154785 0.49330883 0.68125188 1.39469687 1.42588467 0.55356010 0.86658487 0.35653668 1.07691246 0.83288316 0.96830278 1.14369267 1.04905389 1.18955897 1.16390363 1.34251850 1.10814719 0.61022763
0.08577191 0.84288996 0.13321505 0.33497447 0.21835647 0.73795374 0.44824075 0.28836904 1.03538986 0.31764465 0.53412682 0.41058737 0.47066493 0.48390030 1.22756966 1.10283759 0.47595503 0.69048383 0.29417579 0.93713019 0.60161999 0.81137503 0.94520603 0.92579367 0.96498134 1.00098827 1.07692213 0.92455468 0.41499631
0.08601278 0.82010113 0.12670843 0.31525701 0.18982537 0.71746490 0.44407523 0.29000390 1.00641248 0.31634098 0.49633246 0.40158796 0.46238780 0.45645713 1.18974521 1.07025184 0.46097458 0.65881675 0.28938568 0.90612951 0.58398997 0.78221581 0.91631855 0.91416788 0.93604907 0.97184398 1.05502194 0.90453917 0.40150390
0.03584891 1.09315058 0.10638371 0.26380249 0.00000000 0.69838280 0.55315128 0.35173600 0.99256946 0.40342170 0.44424416 0.28775327 0.54942763 0.57608248 1.37466092 1.19475142 0.51032979 0.66740293 0.31089664 0.96901693 0.83892190 0.89447829 1.12787120 1.11000739 0.96902865 1.19667741 1.29272375 0.99244890 0.76688704
0.05867616 0.81976929 0.07824209 0.22546806 0.17716121 0.74257815 0.44908891 0.29806352 1.01350195 0.31306774 0.54697860 0.39251300 0.44505042 0.49672079 1.18923351 1.13626474 0.46357208 0.69505447 0.30193323 0.91498163 0.62112139 0.79860291 0.93004079 0.90853148 0.98026343 0.97361580 1.09028624 0.92896528 0.42403503
0.07684822 0.69307754 0.10578274 0.19453768 0.05468164 0.67585532 0.41447882 0.29858372 0.87637099 0.31926352 0.38593651 0.42173104 0.42149182 0.38366366 0.98344475 0.98481044 0.47547342 0.57295898 0.23609993 0.81416017 0.53733492 0.65969862 0.87140009 0.84827417 0.84599643 0.81850356 0.99804319 0.87366630 0.28327925
0.08106610 0.69423978 0.11166328 0.20648780 0.05915572 0.67633179 0.41526697 0.29873154 0.88086175 0.32027004 0.38206281 0.42539164 0.42482534 0.37900203 0.98760066 0.98069534 0.47572824 0.57109715 0.23650346 0.81619391 0.53266970 0.66016506 0.87068425 0.85174245 0.84495735 0.82070709 0.99635427 0.87391091 0.27909589
0.08627630 0.84052828 0.13630885 0.34192888 0.22453020 0.73432361 0.44442269 0.28441561 1.03199730 0.31485791 0.53608108 0.40906959 0.46899110 0.48423470 1.22523483 1.09651904 0.47490091 0.68990347 0.29169653 0.93530614 0.59824541 0.81003226 0.94254435 0.91962193 0.96026798 0.99854920 1.06972337 0.91892016 0.41344356
